0.1,0.1,0.01
0.1,0.30000000000000004,0.05
0.1,0.5000000000000001,0.09
0.1,0.7000000000000001,0.09
0.1,0.9000000000000001,0.12
0.1,1.1000000000000003,0.14
0.1,1.3000000000000003,0.16
0.1,1.5000000000000004,0.17
0.1,1.7000000000000004,0.2
0.1,1.9000000000000004,0.21
0.1,2.1000000000000005,0.21
0.1,2.3000000000000007,0.21
0.01,0.01,0.54
0.01,0.03,0.62
0.01,0.049999999999999996,0.67
0.01,0.06999999999999999,0.68
0.01,0.08999999999999998,0.67
0.01,0.10999999999999997,0.64
0.01,0.12999999999999998,0.67
0.01,0.15,0.61
0.01,0.16999999999999998,0.64
0.01,0.18999999999999997,0.65
0.01,0.20999999999999996,0.6
0.01,0.22999999999999998,0.59
0.01,0.24999999999999997,0.61
0.01,0.26999999999999996,0.59
0.01,0.29,0.56
0.01,0.30999999999999994,0.57
0.01,0.32999999999999996,0.57
0.01,0.35,0.57
0.01,0.36999999999999994,0.57
0.01,0.38999999999999996,0.57
0.01,0.4099999999999999,0.58
0.01,0.42999999999999994,0.57
0.01,0.44999999999999996,0.57
0.01,0.4699999999999999,0.57
0.01,0.48999999999999994,0.57
0.01,0.5099999999999999,0.57
0.01,0.5299999999999999,0.56
0.01,0.5499999999999999,0.55
0.01,0.57,0.54
0.01,0.59,0.54
0.01,0.6099999999999999,0.54
0.01,0.6299999999999999,0.54
0.01,0.6499999999999999,0.54
0.01,0.6699999999999999,0.54
0.01,0.69,0.54
0.01,0.7099999999999999,0.54
0.01,0.7299999999999999,0.54
0.01,0.7499999999999999,0.54
0.01,0.7699999999999999,0.54
0.01,0.7899999999999999,0.54
0.01,0.8099999999999998,0.54
0.01,0.8299999999999998,0.54
0.01,0.8499999999999999,0.54
0.01,0.8699999999999999,0.54
0.01,0.8899999999999999,0.53
0.01,0.9099999999999999,0.53
0.01,0.9299999999999998,0.53
0.01,0.9499999999999998,0.54
0.01,0.9699999999999999,0.54
0.01,0.9899999999999999,0.53
0.03,0.01,0.54
0.03,0.03,0.62
0.03,0.049999999999999996,0.67
0.03,0.06999999999999999,0.68
0.03,0.08999999999999998,0.67
0.03,0.10999999999999997,0.65
0.03,0.12999999999999998,0.67
0.03,0.15,0.61
0.03,0.16999999999999998,0.64
0.03,0.18999999999999997,0.65
0.03,0.20999999999999996,0.6
0.03,0.22999999999999998,0.59
0.03,0.24999999999999997,0.61
0.03,0.26999999999999996,0.59
0.03,0.29,0.56
0.03,0.30999999999999994,0.57
0.03,0.32999999999999996,0.57
0.03,0.35,0.57
0.03,0.36999999999999994,0.57
0.03,0.38999999999999996,0.57
0.03,0.4099999999999999,0.58
0.03,0.42999999999999994,0.57
0.03,0.44999999999999996,0.57
0.03,0.4699999999999999,0.57
0.03,0.48999999999999994,0.57
0.03,0.5099999999999999,0.57
0.03,0.5299999999999999,0.56
0.03,0.5499999999999999,0.55
0.03,0.57,0.54
0.03,0.59,0.54
0.03,0.6099999999999999,0.54
0.03,0.6299999999999999,0.54
0.03,0.6499999999999999,0.54
0.03,0.6699999999999999,0.54
0.03,0.69,0.54
0.03,0.7099999999999999,0.54
0.03,0.7299999999999999,0.54
0.03,0.7499999999999999,0.54
0.03,0.7699999999999999,0.54
0.03,0.7899999999999999,0.54
0.03,0.8099999999999998,0.54
0.03,0.8299999999999998,0.54
0.03,0.8499999999999999,0.54
0.03,0.8699999999999999,0.54
0.03,0.8899999999999999,0.53
0.03,0.9099999999999999,0.53
0.03,0.9299999999999998,0.53
0.03,0.9499999999999998,0.54
0.03,0.9699999999999999,0.54
0.03,0.9899999999999999,0.53
0.049999999999999996,0.01,0.54
0.049999999999999996,0.03,0.62
0.049999999999999996,0.049999999999999996,0.67
0.049999999999999996,0.06999999999999999,0.68
0.049999999999999996,0.08999999999999998,0.67
0.049999999999999996,0.10999999999999997,0.65
0.049999999999999996,0.12999999999999998,0.67
0.049999999999999996,0.15,0.61
0.049999999999999996,0.16999999999999998,0.64
0.049999999999999996,0.18999999999999997,0.65
0.049999999999999996,0.20999999999999996,0.6
0.049999999999999996,0.22999999999999998,0.59
0.049999999999999996,0.24999999999999997,0.61
0.049999999999999996,0.26999999999999996,0.59
0.049999999999999996,0.29,0.56
0.049999999999999996,0.30999999999999994,0.57
0.049999999999999996,0.32999999999999996,0.57
0.049999999999999996,0.35,0.57
0.049999999999999996,0.36999999999999994,0.57
0.049999999999999996,0.38999999999999996,0.57
0.049999999999999996,0.4099999999999999,0.58
0.049999999999999996,0.42999999999999994,0.57
0.049999999999999996,0.44999999999999996,0.57
0.049999999999999996,0.4699999999999999,0.57
0.049999999999999996,0.48999999999999994,0.57
0.049999999999999996,0.5099999999999999,0.57
0.049999999999999996,0.5299999999999999,0.56
0.049999999999999996,0.5499999999999999,0.55
0.049999999999999996,0.57,0.54
0.049999999999999996,0.59,0.54
0.049999999999999996,0.6099999999999999,0.54
0.049999999999999996,0.6299999999999999,0.54
0.049999999999999996,0.6499999999999999,0.54
0.049999999999999996,0.6699999999999999,0.54
0.049999999999999996,0.69,0.54
0.049999999999999996,0.7099999999999999,0.54
0.049999999999999996,0.7299999999999999,0.54
0.049999999999999996,0.7499999999999999,0.54
0.049999999999999996,0.7699999999999999,0.54
0.049999999999999996,0.7899999999999999,0.54
0.049999999999999996,0.8099999999999998,0.54
0.049999999999999996,0.8299999999999998,0.54
0.049999999999999996,0.8499999999999999,0.54
0.049999999999999996,0.8699999999999999,0.54
0.049999999999999996,0.8899999999999999,0.53
0.049999999999999996,0.9099999999999999,0.53
0.049999999999999996,0.9299999999999998,0.53
0.049999999999999996,0.9499999999999998,0.54
0.049999999999999996,0.9699999999999999,0.54
0.049999999999999996,0.9899999999999999,0.53
0.06999999999999999,0.01,0.54
0.06999999999999999,0.03,0.62
0.06999999999999999,0.049999999999999996,0.67
0.06999999999999999,0.06999999999999999,0.68
0.06999999999999999,0.08999999999999998,0.67
0.06999999999999999,0.10999999999999997,0.65
0.06999999999999999,0.12999999999999998,0.67
0.06999999999999999,0.15,0.61
0.06999999999999999,0.16999999999999998,0.64
0.06999999999999999,0.18999999999999997,0.65
0.06999999999999999,0.20999999999999996,0.6
0.06999999999999999,0.22999999999999998,0.59
0.06999999999999999,0.24999999999999997,0.61
0.06999999999999999,0.26999999999999996,0.59
0.06999999999999999,0.29,0.56
0.06999999999999999,0.30999999999999994,0.57
0.06999999999999999,0.32999999999999996,0.57
0.06999999999999999,0.35,0.57
0.06999999999999999,0.36999999999999994,0.57
0.06999999999999999,0.38999999999999996,0.57
0.06999999999999999,0.4099999999999999,0.58
0.06999999999999999,0.42999999999999994,0.57
0.06999999999999999,0.44999999999999996,0.57
0.06999999999999999,0.4699999999999999,0.57
0.06999999999999999,0.48999999999999994,0.57
0.06999999999999999,0.5099999999999999,0.57
0.06999999999999999,0.5299999999999999,0.56
0.06999999999999999,0.5499999999999999,0.55
0.06999999999999999,0.57,0.54
0.06999999999999999,0.59,0.54
0.06999999999999999,0.6099999999999999,0.54
0.06999999999999999,0.6299999999999999,0.54
0.06999999999999999,0.6499999999999999,0.54
0.06999999999999999,0.6699999999999999,0.54
0.06999999999999999,0.69,0.54
0.06999999999999999,0.7099999999999999,0.54
0.06999999999999999,0.7299999999999999,0.54
0.06999999999999999,0.7499999999999999,0.54
0.06999999999999999,0.7699999999999999,0.54
0.06999999999999999,0.7899999999999999,0.54
0.06999999999999999,0.8099999999999998,0.54
0.06999999999999999,0.8299999999999998,0.54
0.06999999999999999,0.8499999999999999,0.54
0.06999999999999999,0.8699999999999999,0.54
0.06999999999999999,0.8899999999999999,0.53
0.06999999999999999,0.9099999999999999,0.53
0.06999999999999999,0.9299999999999998,0.53
0.06999999999999999,0.9499999999999998,0.54
0.06999999999999999,0.9699999999999999,0.54
0.06999999999999999,0.9899999999999999,0.53
0.08999999999999998,0.01,0.53
0.08999999999999998,0.03,0.62
0.08999999999999998,0.049999999999999996,0.67
0.08999999999999998,0.06999999999999999,0.68
0.08999999999999998,0.08999999999999998,0.67
0.08999999999999998,0.10999999999999997,0.65
0.08999999999999998,0.12999999999999998,0.67
0.08999999999999998,0.15,0.61
0.08999999999999998,0.16999999999999998,0.64
0.08999999999999998,0.18999999999999997,0.65
0.08999999999999998,0.20999999999999996,0.6
0.08999999999999998,0.22999999999999998,0.59
0.08999999999999998,0.24999999999999997,0.61
0.08999999999999998,0.26999999999999996,0.59
0.08999999999999998,0.29,0.56
0.08999999999999998,0.30999999999999994,0.57
0.08999999999999998,0.32999999999999996,0.57
0.08999999999999998,0.35,0.57
0.08999999999999998,0.36999999999999994,0.57
0.08999999999999998,0.38999999999999996,0.57
0.08999999999999998,0.4099999999999999,0.58
0.08999999999999998,0.42999999999999994,0.57
0.08999999999999998,0.44999999999999996,0.57
0.08999999999999998,0.4699999999999999,0.57
0.08999999999999998,0.48999999999999994,0.57
0.08999999999999998,0.5099999999999999,0.57
0.08999999999999998,0.5299999999999999,0.56
0.08999999999999998,0.5499999999999999,0.55
0.08999999999999998,0.57,0.54
0.08999999999999998,0.59,0.54
0.08999999999999998,0.6099999999999999,0.54
0.08999999999999998,0.6299999999999999,0.54
0.08999999999999998,0.6499999999999999,0.54
0.08999999999999998,0.6699999999999999,0.54
0.08999999999999998,0.69,0.54
0.08999999999999998,0.7099999999999999,0.54
0.08999999999999998,0.7299999999999999,0.54
0.08999999999999998,0.7499999999999999,0.54
0.08999999999999998,0.7699999999999999,0.54
0.08999999999999998,0.7899999999999999,0.54
0.08999999999999998,0.8099999999999998,0.54
0.08999999999999998,0.8299999999999998,0.54
0.08999999999999998,0.8499999999999999,0.54
0.08999999999999998,0.8699999999999999,0.54
0.08999999999999998,0.8899999999999999,0.53
0.08999999999999998,0.9099999999999999,0.53
0.08999999999999998,0.9299999999999998,0.53
0.08999999999999998,0.9499999999999998,0.54
0.08999999999999998,0.9699999999999999,0.54
0.08999999999999998,0.9899999999999999,0.53
0.10999999999999997,0.01,0.53
0.10999999999999997,0.03,0.62
0.10999999999999997,0.049999999999999996,0.67
0.10999999999999997,0.06999999999999999,0.68
0.10999999999999997,0.08999999999999998,0.67
0.10999999999999997,0.10999999999999997,0.65
0.10999999999999997,0.12999999999999998,0.67
0.10999999999999997,0.15,0.61
0.10999999999999997,0.16999999999999998,0.65
0.10999999999999997,0.18999999999999997,0.65
0.10999999999999997,0.20999999999999996,0.6
0.10999999999999997,0.22999999999999998,0.59
0.10999999999999997,0.24999999999999997,0.61
0.10999999999999997,0.26999999999999996,0.59
0.10999999999999997,0.29,0.56
0.10999999999999997,0.30999999999999994,0.57
0.10999999999999997,0.32999999999999996,0.57
0.10999999999999997,0.35,0.57
0.10999999999999997,0.36999999999999994,0.57
0.10999999999999997,0.38999999999999996,0.57
0.10999999999999997,0.4099999999999999,0.58
0.10999999999999997,0.42999999999999994,0.57
0.10999999999999997,0.44999999999999996,0.57
0.10999999999999997,0.4699999999999999,0.57
0.10999999999999997,0.48999999999999994,0.57
0.10999999999999997,0.5099999999999999,0.57
0.10999999999999997,0.5299999999999999,0.56
0.10999999999999997,0.5499999999999999,0.55
0.10999999999999997,0.57,0.54
0.10999999999999997,0.59,0.54
0.10999999999999997,0.6099999999999999,0.54
0.10999999999999997,0.6299999999999999,0.54
0.10999999999999997,0.6499999999999999,0.54
0.10999999999999997,0.6699999999999999,0.54
0.10999999999999997,0.69,0.54
0.10999999999999997,0.7099999999999999,0.54
0.10999999999999997,0.7299999999999999,0.54
0.10999999999999997,0.7499999999999999,0.54
0.10999999999999997,0.7699999999999999,0.54
0.10999999999999997,0.7899999999999999,0.54
0.10999999999999997,0.8099999999999998,0.54
0.10999999999999997,0.8299999999999998,0.54
0.10999999999999997,0.8499999999999999,0.54
0.10999999999999997,0.8699999999999999,0.54
0.10999999999999997,0.8899999999999999,0.53
0.10999999999999997,0.9099999999999999,0.53
0.10999999999999997,0.9299999999999998,0.53
0.10999999999999997,0.9499999999999998,0.54
0.10999999999999997,0.9699999999999999,0.54
0.10999999999999997,0.9899999999999999,0.53
0.12999999999999998,0.01,0.53
0.12999999999999998,0.03,0.62
0.12999999999999998,0.049999999999999996,0.67
0.12999999999999998,0.06999999999999999,0.68
0.12999999999999998,0.08999999999999998,0.67
0.12999999999999998,0.10999999999999997,0.65
0.12999999999999998,0.12999999999999998,0.67
0.12999999999999998,0.15,0.61
0.12999999999999998,0.16999999999999998,0.65
0.12999999999999998,0.18999999999999997,0.65
0.12999999999999998,0.20999999999999996,0.6
0.12999999999999998,0.22999999999999998,0.59
0.12999999999999998,0.24999999999999997,0.61
0.12999999999999998,0.26999999999999996,0.59
0.12999999999999998,0.29,0.56
0.12999999999999998,0.30999999999999994,0.56
0.12999999999999998,0.32999999999999996,0.57
0.12999999999999998,0.35,0.57
0.12999999999999998,0.36999999999999994,0.57
0.12999999999999998,0.38999999999999996,0.57
0.12999999999999998,0.4099999999999999,0.58
0.12999999999999998,0.42999999999999994,0.57
0.12999999999999998,0.44999999999999996,0.57
0.12999999999999998,0.4699999999999999,0.57
0.12999999999999998,0.48999999999999994,0.57
0.12999999999999998,0.5099999999999999,0.57
0.12999999999999998,0.5299999999999999,0.56
0.12999999999999998,0.5499999999999999,0.55
0.12999999999999998,0.57,0.54
0.12999999999999998,0.59,0.54
0.12999999999999998,0.6099999999999999,0.54
0.12999999999999998,0.6299999999999999,0.54
0.12999999999999998,0.6499999999999999,0.54
0.12999999999999998,0.6699999999999999,0.54
0.12999999999999998,0.69,0.54
0.12999999999999998,0.7099999999999999,0.54
0.12999999999999998,0.7299999999999999,0.54
0.12999999999999998,0.7499999999999999,0.54
0.12999999999999998,0.7699999999999999,0.54
0.12999999999999998,0.7899999999999999,0.54
0.12999999999999998,0.8099999999999998,0.54
0.12999999999999998,0.8299999999999998,0.54
0.12999999999999998,0.8499999999999999,0.54
0.12999999999999998,0.8699999999999999,0.54
0.12999999999999998,0.8899999999999999,0.53
0.12999999999999998,0.9099999999999999,0.53
0.12999999999999998,0.9299999999999998,0.53
0.12999999999999998,0.9499999999999998,0.54
0.12999999999999998,0.9699999999999999,0.54
0.12999999999999998,0.9899999999999999,0.53
0.15,0.01,0.53
0.15,0.03,0.62
0.15,0.049999999999999996,0.67
0.15,0.06999999999999999,0.68
0.15,0.08999999999999998,0.67
0.15,0.10999999999999997,0.65
0.15,0.12999999999999998,0.67
0.15,0.15,0.61
0.15,0.16999999999999998,0.65
0.15,0.18999999999999997,0.65
0.15,0.20999999999999996,0.6
0.15,0.22999999999999998,0.59
0.15,0.24999999999999997,0.61
0.15,0.26999999999999996,0.59
0.15,0.29,0.56
0.15,0.30999999999999994,0.56
0.15,0.32999999999999996,0.57
0.15,0.35,0.57
0.15,0.36999999999999994,0.57
0.15,0.38999999999999996,0.57
0.15,0.4099999999999999,0.58
0.15,0.42999999999999994,0.57
0.15,0.44999999999999996,0.57
0.15,0.4699999999999999,0.57
0.15,0.48999999999999994,0.57
0.15,0.5099999999999999,0.57
0.15,0.5299999999999999,0.56
0.15,0.5499999999999999,0.55
0.15,0.57,0.54
0.15,0.59,0.54
0.15,0.6099999999999999,0.54
0.15,0.6299999999999999,0.54
0.15,0.6499999999999999,0.54
0.15,0.6699999999999999,0.54
0.15,0.69,0.54
0.15,0.7099999999999999,0.54
0.15,0.7299999999999999,0.54
0.15,0.7499999999999999,0.54
0.15,0.7699999999999999,0.54
0.15,0.7899999999999999,0.54
0.15,0.8099999999999998,0.54
0.15,0.8299999999999998,0.54
0.15,0.8499999999999999,0.54
0.15,0.8699999999999999,0.54
0.15,0.8899999999999999,0.53
0.15,0.9099999999999999,0.53
0.15,0.9299999999999998,0.53
0.15,0.9499999999999998,0.54
0.15,0.9699999999999999,0.54
0.15,0.9899999999999999,0.53
0.16999999999999998,0.01,0.53
0.16999999999999998,0.03,0.62
0.16999999999999998,0.049999999999999996,0.67
0.16999999999999998,0.06999999999999999,0.68
0.16999999999999998,0.08999999999999998,0.67
0.16999999999999998,0.10999999999999997,0.65
0.16999999999999998,0.12999999999999998,0.67
0.16999999999999998,0.15,0.61
0.16999999999999998,0.16999999999999998,0.65
0.16999999999999998,0.18999999999999997,0.65
0.16999999999999998,0.20999999999999996,0.6
0.16999999999999998,0.22999999999999998,0.59
0.16999999999999998,0.24999999999999997,0.61
0.16999999999999998,0.26999999999999996,0.59
0.16999999999999998,0.29,0.56
0.16999999999999998,0.30999999999999994,0.56
0.16999999999999998,0.32999999999999996,0.57
0.16999999999999998,0.35,0.57
0.16999999999999998,0.36999999999999994,0.57
0.16999999999999998,0.38999999999999996,0.57
0.16999999999999998,0.4099999999999999,0.58
0.16999999999999998,0.42999999999999994,0.57
0.16999999999999998,0.44999999999999996,0.57
0.16999999999999998,0.4699999999999999,0.57
0.16999999999999998,0.48999999999999994,0.57
0.16999999999999998,0.5099999999999999,0.57
0.16999999999999998,0.5299999999999999,0.56
0.16999999999999998,0.5499999999999999,0.55
0.16999999999999998,0.57,0.54
0.16999999999999998,0.59,0.54
0.16999999999999998,0.6099999999999999,0.54
0.16999999999999998,0.6299999999999999,0.54
0.16999999999999998,0.6499999999999999,0.54
0.16999999999999998,0.6699999999999999,0.54
0.16999999999999998,0.69,0.54
0.16999999999999998,0.7099999999999999,0.54
0.16999999999999998,0.7299999999999999,0.54
0.16999999999999998,0.7499999999999999,0.54
0.16999999999999998,0.7699999999999999,0.54
0.16999999999999998,0.7899999999999999,0.54
0.16999999999999998,0.8099999999999998,0.54
0.16999999999999998,0.8299999999999998,0.54
0.16999999999999998,0.8499999999999999,0.54
0.16999999999999998,0.8699999999999999,0.54
0.16999999999999998,0.8899999999999999,0.53
0.16999999999999998,0.9099999999999999,0.53
0.16999999999999998,0.9299999999999998,0.53
0.16999999999999998,0.9499999999999998,0.54
0.16999999999999998,0.9699999999999999,0.54
0.16999999999999998,0.9899999999999999,0.53
0.18999999999999997,0.01,0.53
0.18999999999999997,0.03,0.62
0.18999999999999997,0.049999999999999996,0.67
0.18999999999999997,0.06999999999999999,0.68
0.18999999999999997,0.08999999999999998,0.67
0.18999999999999997,0.10999999999999997,0.65
0.18999999999999997,0.12999999999999998,0.67
0.18999999999999997,0.15,0.61
0.18999999999999997,0.16999999999999998,0.65
0.18999999999999997,0.18999999999999997,0.65
0.18999999999999997,0.20999999999999996,0.6
0.18999999999999997,0.22999999999999998,0.59
0.18999999999999997,0.24999999999999997,0.61
0.18999999999999997,0.26999999999999996,0.59
0.18999999999999997,0.29,0.56
0.18999999999999997,0.30999999999999994,0.56
0.18999999999999997,0.32999999999999996,0.57
0.18999999999999997,0.35,0.57
0.18999999999999997,0.36999999999999994,0.57
0.18999999999999997,0.38999999999999996,0.57
0.18999999999999997,0.4099999999999999,0.58
0.18999999999999997,0.42999999999999994,0.57
0.18999999999999997,0.44999999999999996,0.57
0.18999999999999997,0.4699999999999999,0.57
0.18999999999999997,0.48999999999999994,0.57
0.18999999999999997,0.5099999999999999,0.57
0.18999999999999997,0.5299999999999999,0.56
0.18999999999999997,0.5499999999999999,0.55
0.18999999999999997,0.57,0.54
0.18999999999999997,0.59,0.54
0.18999999999999997,0.6099999999999999,0.54
0.18999999999999997,0.6299999999999999,0.54
0.18999999999999997,0.6499999999999999,0.54
0.18999999999999997,0.6699999999999999,0.54
0.18999999999999997,0.69,0.54
0.18999999999999997,0.7099999999999999,0.54
0.18999999999999997,0.7299999999999999,0.54
0.18999999999999997,0.7499999999999999,0.54
0.18999999999999997,0.7699999999999999,0.54
0.18999999999999997,0.7899999999999999,0.54
0.18999999999999997,0.8099999999999998,0.54
0.18999999999999997,0.8299999999999998,0.54
0.18999999999999997,0.8499999999999999,0.54
0.18999999999999997,0.8699999999999999,0.54
0.18999999999999997,0.8899999999999999,0.53
0.18999999999999997,0.9099999999999999,0.53
0.18999999999999997,0.9299999999999998,0.53
0.18999999999999997,0.9499999999999998,0.54
0.18999999999999997,0.9699999999999999,0.54
0.18999999999999997,0.9899999999999999,0.53
0.20999999999999996,0.01,0.53
0.20999999999999996,0.03,0.62
0.20999999999999996,0.049999999999999996,0.67
0.20999999999999996,0.06999999999999999,0.68
0.20999999999999996,0.08999999999999998,0.67
0.20999999999999996,0.10999999999999997,0.65
0.20999999999999996,0.12999999999999998,0.67
0.20999999999999996,0.15,0.61
0.20999999999999996,0.16999999999999998,0.65
0.20999999999999996,0.18999999999999997,0.65
0.20999999999999996,0.20999999999999996,0.6
0.20999999999999996,0.22999999999999998,0.59
0.20999999999999996,0.24999999999999997,0.61
0.20999999999999996,0.26999999999999996,0.59
0.20999999999999996,0.29,0.56
0.20999999999999996,0.30999999999999994,0.56
0.20999999999999996,0.32999999999999996,0.57
0.20999999999999996,0.35,0.57
0.20999999999999996,0.36999999999999994,0.57
0.20999999999999996,0.38999999999999996,0.57
0.20999999999999996,0.4099999999999999,0.58
0.20999999999999996,0.42999999999999994,0.57
0.20999999999999996,0.44999999999999996,0.57
0.20999999999999996,0.4699999999999999,0.57
0.20999999999999996,0.48999999999999994,0.57
0.20999999999999996,0.5099999999999999,0.57
0.20999999999999996,0.5299999999999999,0.56
0.20999999999999996,0.5499999999999999,0.55
0.20999999999999996,0.57,0.54
0.20999999999999996,0.59,0.54
0.20999999999999996,0.6099999999999999,0.54
0.20999999999999996,0.6299999999999999,0.54
0.20999999999999996,0.6499999999999999,0.54
0.20999999999999996,0.6699999999999999,0.54
0.20999999999999996,0.69,0.54
0.20999999999999996,0.7099999999999999,0.54
0.20999999999999996,0.7299999999999999,0.54
0.20999999999999996,0.7499999999999999,0.54
0.20999999999999996,0.7699999999999999,0.54
0.20999999999999996,0.7899999999999999,0.54
0.20999999999999996,0.8099999999999998,0.54
0.20999999999999996,0.8299999999999998,0.54
0.20999999999999996,0.8499999999999999,0.54
0.20999999999999996,0.8699999999999999,0.54
0.20999999999999996,0.8899999999999999,0.53
0.20999999999999996,0.9099999999999999,0.53
0.20999999999999996,0.9299999999999998,0.53
0.20999999999999996,0.9499999999999998,0.54
0.20999999999999996,0.9699999999999999,0.54
0.20999999999999996,0.9899999999999999,0.53
0.22999999999999998,0.01,0.53
0.22999999999999998,0.03,0.62
0.22999999999999998,0.049999999999999996,0.67
0.22999999999999998,0.06999999999999999,0.68
0.22999999999999998,0.08999999999999998,0.67
0.22999999999999998,0.10999999999999997,0.65
0.22999999999999998,0.12999999999999998,0.67
0.22999999999999998,0.15,0.61
0.22999999999999998,0.16999999999999998,0.65
0.22999999999999998,0.18999999999999997,0.65
0.22999999999999998,0.20999999999999996,0.6
0.22999999999999998,0.22999999999999998,0.59
0.22999999999999998,0.24999999999999997,0.61
0.22999999999999998,0.26999999999999996,0.59
0.22999999999999998,0.29,0.56
0.22999999999999998,0.30999999999999994,0.56
0.22999999999999998,0.32999999999999996,0.57
0.22999999999999998,0.35,0.57
0.22999999999999998,0.36999999999999994,0.57
0.22999999999999998,0.38999999999999996,0.57
0.22999999999999998,0.4099999999999999,0.58
0.22999999999999998,0.42999999999999994,0.57
0.22999999999999998,0.44999999999999996,0.57
0.22999999999999998,0.4699999999999999,0.57
0.22999999999999998,0.48999999999999994,0.57
0.22999999999999998,0.5099999999999999,0.57
0.22999999999999998,0.5299999999999999,0.56
0.22999999999999998,0.5499999999999999,0.55
0.22999999999999998,0.57,0.54
0.22999999999999998,0.59,0.54
0.22999999999999998,0.6099999999999999,0.54
0.22999999999999998,0.6299999999999999,0.54
0.22999999999999998,0.6499999999999999,0.54
0.22999999999999998,0.6699999999999999,0.54
0.22999999999999998,0.69,0.54
0.22999999999999998,0.7099999999999999,0.54
0.22999999999999998,0.7299999999999999,0.54
0.22999999999999998,0.7499999999999999,0.54
0.22999999999999998,0.7699999999999999,0.54
0.22999999999999998,0.7899999999999999,0.54
0.22999999999999998,0.8099999999999998,0.54
0.22999999999999998,0.8299999999999998,0.54
0.22999999999999998,0.8499999999999999,0.54
0.22999999999999998,0.8699999999999999,0.54
0.22999999999999998,0.8899999999999999,0.53
0.22999999999999998,0.9099999999999999,0.53
0.22999999999999998,0.9299999999999998,0.53
0.22999999999999998,0.9499999999999998,0.54
0.22999999999999998,0.9699999999999999,0.54
0.22999999999999998,0.9899999999999999,0.53
0.24999999999999997,0.01,0.53
0.24999999999999997,0.03,0.62
0.24999999999999997,0.049999999999999996,0.67
0.24999999999999997,0.06999999999999999,0.68
0.24999999999999997,0.08999999999999998,0.67
0.24999999999999997,0.10999999999999997,0.65
0.24999999999999997,0.12999999999999998,0.67
0.24999999999999997,0.15,0.61
0.24999999999999997,0.16999999999999998,0.65
0.24999999999999997,0.18999999999999997,0.65
0.24999999999999997,0.20999999999999996,0.6
0.24999999999999997,0.22999999999999998,0.59
0.24999999999999997,0.24999999999999997,0.61
0.24999999999999997,0.26999999999999996,0.59
0.24999999999999997,0.29,0.56
0.24999999999999997,0.30999999999999994,0.56
0.24999999999999997,0.32999999999999996,0.57
0.24999999999999997,0.35,0.57
0.24999999999999997,0.36999999999999994,0.57
0.24999999999999997,0.38999999999999996,0.57
0.24999999999999997,0.4099999999999999,0.58
0.24999999999999997,0.42999999999999994,0.57
0.24999999999999997,0.44999999999999996,0.57
0.24999999999999997,0.4699999999999999,0.57
0.24999999999999997,0.48999999999999994,0.57
0.24999999999999997,0.5099999999999999,0.57
0.24999999999999997,0.5299999999999999,0.56
0.24999999999999997,0.5499999999999999,0.55
0.24999999999999997,0.57,0.54
0.24999999999999997,0.59,0.54
0.24999999999999997,0.6099999999999999,0.54
0.24999999999999997,0.6299999999999999,0.54
0.24999999999999997,0.6499999999999999,0.54
0.24999999999999997,0.6699999999999999,0.54
0.24999999999999997,0.69,0.54
0.24999999999999997,0.7099999999999999,0.54
0.24999999999999997,0.7299999999999999,0.54
0.24999999999999997,0.7499999999999999,0.54
0.24999999999999997,0.7699999999999999,0.54
0.24999999999999997,0.7899999999999999,0.54
0.24999999999999997,0.8099999999999998,0.54
0.24999999999999997,0.8299999999999998,0.54
0.24999999999999997,0.8499999999999999,0.54
0.24999999999999997,0.8699999999999999,0.54
0.24999999999999997,0.8899999999999999,0.53
0.24999999999999997,0.9099999999999999,0.53
0.24999999999999997,0.9299999999999998,0.53
0.24999999999999997,0.9499999999999998,0.54
0.24999999999999997,0.9699999999999999,0.54
0.24999999999999997,0.9899999999999999,0.53
0.26999999999999996,0.01,0.53
0.26999999999999996,0.03,0.62
0.26999999999999996,0.049999999999999996,0.67
0.26999999999999996,0.06999999999999999,0.68
0.26999999999999996,0.08999999999999998,0.67
0.26999999999999996,0.10999999999999997,0.65
0.26999999999999996,0.12999999999999998,0.67
0.26999999999999996,0.15,0.61
0.26999999999999996,0.16999999999999998,0.65
0.26999999999999996,0.18999999999999997,0.65
0.26999999999999996,0.20999999999999996,0.6
0.26999999999999996,0.22999999999999998,0.59
0.26999999999999996,0.24999999999999997,0.61
0.26999999999999996,0.26999999999999996,0.59
0.26999999999999996,0.29,0.56
0.26999999999999996,0.30999999999999994,0.56
0.26999999999999996,0.32999999999999996,0.57
0.26999999999999996,0.35,0.57
0.26999999999999996,0.36999999999999994,0.57
0.26999999999999996,0.38999999999999996,0.57
0.26999999999999996,0.4099999999999999,0.58
0.26999999999999996,0.42999999999999994,0.57
0.26999999999999996,0.44999999999999996,0.57
0.26999999999999996,0.4699999999999999,0.57
0.26999999999999996,0.48999999999999994,0.57
0.26999999999999996,0.5099999999999999,0.57
0.26999999999999996,0.5299999999999999,0.56
0.26999999999999996,0.5499999999999999,0.55
0.26999999999999996,0.57,0.54
0.26999999999999996,0.59,0.54
0.26999999999999996,0.6099999999999999,0.54
0.26999999999999996,0.6299999999999999,0.54
0.26999999999999996,0.6499999999999999,0.54
0.26999999999999996,0.6699999999999999,0.54
0.26999999999999996,0.69,0.54
0.26999999999999996,0.7099999999999999,0.54
0.26999999999999996,0.7299999999999999,0.54
0.26999999999999996,0.7499999999999999,0.54
0.26999999999999996,0.7699999999999999,0.54
0.26999999999999996,0.7899999999999999,0.54
0.26999999999999996,0.8099999999999998,0.54
0.26999999999999996,0.8299999999999998,0.54
0.26999999999999996,0.8499999999999999,0.54
0.26999999999999996,0.8699999999999999,0.54
0.26999999999999996,0.8899999999999999,0.53
0.26999999999999996,0.9099999999999999,0.53
0.26999999999999996,0.9299999999999998,0.53
0.26999999999999996,0.9499999999999998,0.54
0.26999999999999996,0.9699999999999999,0.54
0.26999999999999996,0.9899999999999999,0.53
0.29,0.01,0.53
0.29,0.03,0.62
0.29,0.049999999999999996,0.67
0.29,0.06999999999999999,0.68
0.29,0.08999999999999998,0.67
0.29,0.10999999999999997,0.65
0.29,0.12999999999999998,0.67
0.29,0.15,0.61
0.29,0.16999999999999998,0.65
0.29,0.18999999999999997,0.65
0.29,0.20999999999999996,0.6
0.29,0.22999999999999998,0.59
0.29,0.24999999999999997,0.61
0.29,0.26999999999999996,0.59
0.29,0.29,0.56
0.29,0.30999999999999994,0.56
0.29,0.32999999999999996,0.57
0.29,0.35,0.57
0.29,0.36999999999999994,0.57
0.29,0.38999999999999996,0.57
0.29,0.4099999999999999,0.58
0.29,0.42999999999999994,0.57
0.29,0.44999999999999996,0.57
0.29,0.4699999999999999,0.57
0.29,0.48999999999999994,0.57
0.29,0.5099999999999999,0.57
0.29,0.5299999999999999,0.56
0.29,0.5499999999999999,0.55
0.29,0.57,0.54
0.29,0.59,0.54
0.29,0.6099999999999999,0.54
0.29,0.6299999999999999,0.54
0.29,0.6499999999999999,0.54
0.29,0.6699999999999999,0.54
0.29,0.69,0.54
0.29,0.7099999999999999,0.54
0.29,0.7299999999999999,0.54
0.29,0.7499999999999999,0.54
0.29,0.7699999999999999,0.54
0.29,0.7899999999999999,0.54
0.29,0.8099999999999998,0.54
0.29,0.8299999999999998,0.54
0.29,0.8499999999999999,0.54
0.29,0.8699999999999999,0.54
0.29,0.8899999999999999,0.53
0.29,0.9099999999999999,0.53
0.29,0.9299999999999998,0.53
0.29,0.9499999999999998,0.54
0.29,0.9699999999999999,0.54
0.29,0.9899999999999999,0.53
0.30999999999999994,0.01,0.52
0.30999999999999994,0.03,0.62
0.30999999999999994,0.049999999999999996,0.67
0.30999999999999994,0.06999999999999999,0.68
0.30999999999999994,0.08999999999999998,0.67
0.30999999999999994,0.10999999999999997,0.65
0.30999999999999994,0.12999999999999998,0.67
0.30999999999999994,0.15,0.61
0.30999999999999994,0.16999999999999998,0.65
0.30999999999999994,0.18999999999999997,0.65
0.30999999999999994,0.20999999999999996,0.6
0.30999999999999994,0.22999999999999998,0.59
0.30999999999999994,0.24999999999999997,0.61
0.30999999999999994,0.26999999999999996,0.59
0.30999999999999994,0.29,0.56
0.30999999999999994,0.30999999999999994,0.56
0.30999999999999994,0.32999999999999996,0.57
0.30999999999999994,0.35,0.57
0.30999999999999994,0.36999999999999994,0.57
0.30999999999999994,0.38999999999999996,0.57
0.30999999999999994,0.4099999999999999,0.58
0.30999999999999994,0.42999999999999994,0.57
0.30999999999999994,0.44999999999999996,0.57
0.30999999999999994,0.4699999999999999,0.57
0.30999999999999994,0.48999999999999994,0.57
0.30999999999999994,0.5099999999999999,0.57
0.30999999999999994,0.5299999999999999,0.56
0.30999999999999994,0.5499999999999999,0.55
0.30999999999999994,0.57,0.54
0.30999999999999994,0.59,0.54
0.30999999999999994,0.6099999999999999,0.54
0.30999999999999994,0.6299999999999999,0.54
0.30999999999999994,0.6499999999999999,0.54
0.30999999999999994,0.6699999999999999,0.54
0.30999999999999994,0.69,0.54
0.30999999999999994,0.7099999999999999,0.54
0.30999999999999994,0.7299999999999999,0.54
0.30999999999999994,0.7499999999999999,0.54
0.30999999999999994,0.7699999999999999,0.54
0.30999999999999994,0.7899999999999999,0.54
0.30999999999999994,0.8099999999999998,0.54
0.30999999999999994,0.8299999999999998,0.54
0.30999999999999994,0.8499999999999999,0.54
0.30999999999999994,0.8699999999999999,0.54
0.30999999999999994,0.8899999999999999,0.53
0.30999999999999994,0.9099999999999999,0.53
0.30999999999999994,0.9299999999999998,0.53
0.30999999999999994,0.9499999999999998,0.54
0.30999999999999994,0.9699999999999999,0.54
0.30999999999999994,0.9899999999999999,0.53
0.32999999999999996,0.01,0.52
0.32999999999999996,0.03,0.62
0.32999999999999996,0.049999999999999996,0.67
0.32999999999999996,0.06999999999999999,0.68
0.32999999999999996,0.08999999999999998,0.67
0.32999999999999996,0.10999999999999997,0.65
0.32999999999999996,0.12999999999999998,0.67
0.32999999999999996,0.15,0.61
0.32999999999999996,0.16999999999999998,0.65
0.32999999999999996,0.18999999999999997,0.65
0.32999999999999996,0.20999999999999996,0.6
0.32999999999999996,0.22999999999999998,0.59
0.32999999999999996,0.24999999999999997,0.61
0.32999999999999996,0.26999999999999996,0.59
0.32999999999999996,0.29,0.56
0.32999999999999996,0.30999999999999994,0.56
0.32999999999999996,0.32999999999999996,0.57
0.32999999999999996,0.35,0.57
0.32999999999999996,0.36999999999999994,0.57
0.32999999999999996,0.38999999999999996,0.57
0.32999999999999996,0.4099999999999999,0.58
0.32999999999999996,0.42999999999999994,0.57
0.32999999999999996,0.44999999999999996,0.57
0.32999999999999996,0.4699999999999999,0.57
0.32999999999999996,0.48999999999999994,0.57
0.32999999999999996,0.5099999999999999,0.57
0.32999999999999996,0.5299999999999999,0.56
0.32999999999999996,0.5499999999999999,0.55
0.32999999999999996,0.57,0.54
0.32999999999999996,0.59,0.54
0.32999999999999996,0.6099999999999999,0.54
0.32999999999999996,0.6299999999999999,0.54
0.32999999999999996,0.6499999999999999,0.54
0.32999999999999996,0.6699999999999999,0.54
0.32999999999999996,0.69,0.54
0.32999999999999996,0.7099999999999999,0.54
0.32999999999999996,0.7299999999999999,0.54
0.32999999999999996,0.7499999999999999,0.54
0.32999999999999996,0.7699999999999999,0.54
0.32999999999999996,0.7899999999999999,0.54
0.32999999999999996,0.8099999999999998,0.54
0.32999999999999996,0.8299999999999998,0.54
0.32999999999999996,0.8499999999999999,0.54
0.32999999999999996,0.8699999999999999,0.54
0.32999999999999996,0.8899999999999999,0.53
0.32999999999999996,0.9099999999999999,0.53
0.32999999999999996,0.9299999999999998,0.53
0.32999999999999996,0.9499999999999998,0.54
0.32999999999999996,0.9699999999999999,0.54
0.32999999999999996,0.9899999999999999,0.53
0.35,0.01,0.52
0.35,0.03,0.62
0.35,0.049999999999999996,0.67
0.35,0.06999999999999999,0.68
0.35,0.08999999999999998,0.67
0.35,0.10999999999999997,0.65
0.35,0.12999999999999998,0.67
0.35,0.15,0.61
0.35,0.16999999999999998,0.65
0.35,0.18999999999999997,0.65
0.35,0.20999999999999996,0.6
0.35,0.22999999999999998,0.59
0.35,0.24999999999999997,0.61
0.35,0.26999999999999996,0.59
0.35,0.29,0.56
0.35,0.30999999999999994,0.56
0.35,0.32999999999999996,0.57
0.35,0.35,0.57
0.35,0.36999999999999994,0.57
0.35,0.38999999999999996,0.57
0.35,0.4099999999999999,0.58
0.35,0.42999999999999994,0.57
0.35,0.44999999999999996,0.57
0.35,0.4699999999999999,0.57
0.35,0.48999999999999994,0.57
0.35,0.5099999999999999,0.57
0.35,0.5299999999999999,0.56
0.35,0.5499999999999999,0.55
0.35,0.57,0.54
0.35,0.59,0.54
0.35,0.6099999999999999,0.54
0.35,0.6299999999999999,0.54
0.35,0.6499999999999999,0.54
0.35,0.6699999999999999,0.54
0.35,0.69,0.54
0.35,0.7099999999999999,0.54
0.35,0.7299999999999999,0.54
0.35,0.7499999999999999,0.54
0.35,0.7699999999999999,0.54
0.35,0.7899999999999999,0.54
0.35,0.8099999999999998,0.54
0.35,0.8299999999999998,0.54
0.35,0.8499999999999999,0.54
0.35,0.8699999999999999,0.54
0.35,0.8899999999999999,0.53
0.35,0.9099999999999999,0.53
0.35,0.9299999999999998,0.53
0.35,0.9499999999999998,0.54
0.35,0.9699999999999999,0.54
0.35,0.9899999999999999,0.53
0.36999999999999994,0.01,0.54
0.36999999999999994,0.03,0.62
0.36999999999999994,0.049999999999999996,0.67
0.36999999999999994,0.06999999999999999,0.68
0.36999999999999994,0.08999999999999998,0.67
0.36999999999999994,0.10999999999999997,0.65
0.36999999999999994,0.12999999999999998,0.67
0.36999999999999994,0.15,0.61
0.36999999999999994,0.16999999999999998,0.65
0.36999999999999994,0.18999999999999997,0.65
0.36999999999999994,0.20999999999999996,0.6
0.36999999999999994,0.22999999999999998,0.59
0.36999999999999994,0.24999999999999997,0.61
0.36999999999999994,0.26999999999999996,0.59
0.36999999999999994,0.29,0.56
0.36999999999999994,0.30999999999999994,0.56
0.36999999999999994,0.32999999999999996,0.57
0.36999999999999994,0.35,0.57
0.36999999999999994,0.36999999999999994,0.57
0.36999999999999994,0.38999999999999996,0.57
0.36999999999999994,0.4099999999999999,0.58
0.36999999999999994,0.42999999999999994,0.57
0.36999999999999994,0.44999999999999996,0.57
0.36999999999999994,0.4699999999999999,0.57
0.36999999999999994,0.48999999999999994,0.57
0.36999999999999994,0.5099999999999999,0.57
0.36999999999999994,0.5299999999999999,0.56
0.36999999999999994,0.5499999999999999,0.55
0.36999999999999994,0.57,0.54
0.36999999999999994,0.59,0.54
0.36999999999999994,0.6099999999999999,0.54
0.36999999999999994,0.6299999999999999,0.54
0.36999999999999994,0.6499999999999999,0.54
0.36999999999999994,0.6699999999999999,0.54
0.36999999999999994,0.69,0.54
0.36999999999999994,0.7099999999999999,0.54
0.36999999999999994,0.7299999999999999,0.54
0.36999999999999994,0.7499999999999999,0.54
0.36999999999999994,0.7699999999999999,0.54
0.36999999999999994,0.7899999999999999,0.54
0.36999999999999994,0.8099999999999998,0.54
0.36999999999999994,0.8299999999999998,0.54
0.36999999999999994,0.8499999999999999,0.54
0.36999999999999994,0.8699999999999999,0.54
0.36999999999999994,0.8899999999999999,0.53
0.36999999999999994,0.9099999999999999,0.53
0.36999999999999994,0.9299999999999998,0.53
0.36999999999999994,0.9499999999999998,0.54
0.36999999999999994,0.9699999999999999,0.54
0.36999999999999994,0.9899999999999999,0.53
0.38999999999999996,0.01,0.54
0.38999999999999996,0.03,0.62
0.38999999999999996,0.049999999999999996,0.67
0.38999999999999996,0.06999999999999999,0.68
0.38999999999999996,0.08999999999999998,0.67
0.38999999999999996,0.10999999999999997,0.65
0.38999999999999996,0.12999999999999998,0.67
0.38999999999999996,0.15,0.61
0.38999999999999996,0.16999999999999998,0.65
0.38999999999999996,0.18999999999999997,0.65
0.38999999999999996,0.20999999999999996,0.6
0.38999999999999996,0.22999999999999998,0.59
0.38999999999999996,0.24999999999999997,0.61
0.38999999999999996,0.26999999999999996,0.59
0.38999999999999996,0.29,0.56
0.38999999999999996,0.30999999999999994,0.56
0.38999999999999996,0.32999999999999996,0.57
0.38999999999999996,0.35,0.57
0.38999999999999996,0.36999999999999994,0.57
0.38999999999999996,0.38999999999999996,0.57
0.38999999999999996,0.4099999999999999,0.58
0.38999999999999996,0.42999999999999994,0.57
0.38999999999999996,0.44999999999999996,0.57
0.38999999999999996,0.4699999999999999,0.57
0.38999999999999996,0.48999999999999994,0.57
0.38999999999999996,0.5099999999999999,0.57
0.38999999999999996,0.5299999999999999,0.56
0.38999999999999996,0.5499999999999999,0.55
0.38999999999999996,0.57,0.54
0.38999999999999996,0.59,0.54
0.38999999999999996,0.6099999999999999,0.54
0.38999999999999996,0.6299999999999999,0.54
0.38999999999999996,0.6499999999999999,0.54
0.38999999999999996,0.6699999999999999,0.54
0.38999999999999996,0.69,0.54
0.38999999999999996,0.7099999999999999,0.54
0.38999999999999996,0.7299999999999999,0.54
0.38999999999999996,0.7499999999999999,0.54
0.38999999999999996,0.7699999999999999,0.54
0.38999999999999996,0.7899999999999999,0.54
0.38999999999999996,0.8099999999999998,0.54
0.38999999999999996,0.8299999999999998,0.54
0.38999999999999996,0.8499999999999999,0.54
0.38999999999999996,0.8699999999999999,0.54
0.38999999999999996,0.8899999999999999,0.53
0.38999999999999996,0.9099999999999999,0.53
0.38999999999999996,0.9299999999999998,0.53
0.38999999999999996,0.9499999999999998,0.54
0.38999999999999996,0.9699999999999999,0.54
0.38999999999999996,0.9899999999999999,0.53
0.4099999999999999,0.01,0.54
0.4099999999999999,0.03,0.62
0.4099999999999999,0.049999999999999996,0.67
0.4099999999999999,0.06999999999999999,0.68
0.4099999999999999,0.08999999999999998,0.67
0.4099999999999999,0.10999999999999997,0.65
0.4099999999999999,0.12999999999999998,0.67
0.4099999999999999,0.15,0.61
0.4099999999999999,0.16999999999999998,0.65
0.4099999999999999,0.18999999999999997,0.65
0.4099999999999999,0.20999999999999996,0.6
0.4099999999999999,0.22999999999999998,0.59
0.4099999999999999,0.24999999999999997,0.61
0.4099999999999999,0.26999999999999996,0.59
0.4099999999999999,0.29,0.56
0.4099999999999999,0.30999999999999994,0.56
0.4099999999999999,0.32999999999999996,0.57
0.4099999999999999,0.35,0.57
0.4099999999999999,0.36999999999999994,0.57
0.4099999999999999,0.38999999999999996,0.57
0.4099999999999999,0.4099999999999999,0.58
0.4099999999999999,0.42999999999999994,0.57
0.4099999999999999,0.44999999999999996,0.57
0.4099999999999999,0.4699999999999999,0.57
0.4099999999999999,0.48999999999999994,0.57
0.4099999999999999,0.5099999999999999,0.57
0.4099999999999999,0.5299999999999999,0.56
0.4099999999999999,0.5499999999999999,0.55
0.4099999999999999,0.57,0.54
0.4099999999999999,0.59,0.54
0.4099999999999999,0.6099999999999999,0.54
0.4099999999999999,0.6299999999999999,0.54
0.4099999999999999,0.6499999999999999,0.54
0.4099999999999999,0.6699999999999999,0.54
0.4099999999999999,0.69,0.54
0.4099999999999999,0.7099999999999999,0.54
0.4099999999999999,0.7299999999999999,0.54
0.4099999999999999,0.7499999999999999,0.54
0.4099999999999999,0.7699999999999999,0.54
0.4099999999999999,0.7899999999999999,0.54
0.4099999999999999,0.8099999999999998,0.54
0.4099999999999999,0.8299999999999998,0.54
0.4099999999999999,0.8499999999999999,0.54
0.4099999999999999,0.8699999999999999,0.54
0.4099999999999999,0.8899999999999999,0.53
0.4099999999999999,0.9099999999999999,0.53
0.4099999999999999,0.9299999999999998,0.53
0.4099999999999999,0.9499999999999998,0.54
0.4099999999999999,0.9699999999999999,0.54
0.4099999999999999,0.9899999999999999,0.53
0.42999999999999994,0.01,0.54
0.42999999999999994,0.03,0.62
0.42999999999999994,0.049999999999999996,0.67
0.42999999999999994,0.06999999999999999,0.68
0.42999999999999994,0.08999999999999998,0.67
0.42999999999999994,0.10999999999999997,0.65
0.42999999999999994,0.12999999999999998,0.67
0.42999999999999994,0.15,0.61
0.42999999999999994,0.16999999999999998,0.65
0.42999999999999994,0.18999999999999997,0.65
0.42999999999999994,0.20999999999999996,0.6
0.42999999999999994,0.22999999999999998,0.59
0.42999999999999994,0.24999999999999997,0.61
0.42999999999999994,0.26999999999999996,0.59
0.42999999999999994,0.29,0.56
0.42999999999999994,0.30999999999999994,0.56
0.42999999999999994,0.32999999999999996,0.57
0.42999999999999994,0.35,0.57
0.42999999999999994,0.36999999999999994,0.57
0.42999999999999994,0.38999999999999996,0.57
0.42999999999999994,0.4099999999999999,0.58
0.42999999999999994,0.42999999999999994,0.57
0.42999999999999994,0.44999999999999996,0.57
0.42999999999999994,0.4699999999999999,0.57
0.42999999999999994,0.48999999999999994,0.57
0.42999999999999994,0.5099999999999999,0.57
0.42999999999999994,0.5299999999999999,0.56
0.42999999999999994,0.5499999999999999,0.55
0.42999999999999994,0.57,0.54
0.42999999999999994,0.59,0.54
0.42999999999999994,0.6099999999999999,0.54
0.42999999999999994,0.6299999999999999,0.54
0.42999999999999994,0.6499999999999999,0.54
0.42999999999999994,0.6699999999999999,0.54
0.42999999999999994,0.69,0.54
0.42999999999999994,0.7099999999999999,0.54
0.42999999999999994,0.7299999999999999,0.54
0.42999999999999994,0.7499999999999999,0.54
0.42999999999999994,0.7699999999999999,0.54
0.42999999999999994,0.7899999999999999,0.54
0.42999999999999994,0.8099999999999998,0.54
0.42999999999999994,0.8299999999999998,0.54
0.42999999999999994,0.8499999999999999,0.54
0.42999999999999994,0.8699999999999999,0.54
0.42999999999999994,0.8899999999999999,0.53
0.42999999999999994,0.9099999999999999,0.53
0.42999999999999994,0.9299999999999998,0.53
0.42999999999999994,0.9499999999999998,0.54
0.42999999999999994,0.9699999999999999,0.54
0.42999999999999994,0.9899999999999999,0.53
0.44999999999999996,0.01,0.54
0.44999999999999996,0.03,0.62
0.44999999999999996,0.049999999999999996,0.67
0.44999999999999996,0.06999999999999999,0.68
0.44999999999999996,0.08999999999999998,0.67
0.44999999999999996,0.10999999999999997,0.65
0.44999999999999996,0.12999999999999998,0.67
0.44999999999999996,0.15,0.61
0.44999999999999996,0.16999999999999998,0.65
0.44999999999999996,0.18999999999999997,0.65
0.44999999999999996,0.20999999999999996,0.6
0.44999999999999996,0.22999999999999998,0.59
0.44999999999999996,0.24999999999999997,0.61
0.44999999999999996,0.26999999999999996,0.59
0.44999999999999996,0.29,0.56
0.44999999999999996,0.30999999999999994,0.56
0.44999999999999996,0.32999999999999996,0.57
0.44999999999999996,0.35,0.57
0.44999999999999996,0.36999999999999994,0.57
0.44999999999999996,0.38999999999999996,0.57
0.44999999999999996,0.4099999999999999,0.58
0.44999999999999996,0.42999999999999994,0.57
0.44999999999999996,0.44999999999999996,0.57
0.44999999999999996,0.4699999999999999,0.57
0.44999999999999996,0.48999999999999994,0.57
0.44999999999999996,0.5099999999999999,0.57
0.44999999999999996,0.5299999999999999,0.56
0.44999999999999996,0.5499999999999999,0.55
0.44999999999999996,0.57,0.54
0.44999999999999996,0.59,0.54
0.44999999999999996,0.6099999999999999,0.54
0.44999999999999996,0.6299999999999999,0.54
0.44999999999999996,0.6499999999999999,0.54
0.44999999999999996,0.6699999999999999,0.54
0.44999999999999996,0.69,0.54
0.44999999999999996,0.7099999999999999,0.54
0.44999999999999996,0.7299999999999999,0.54
0.44999999999999996,0.7499999999999999,0.54
0.44999999999999996,0.7699999999999999,0.54
0.44999999999999996,0.7899999999999999,0.54
0.44999999999999996,0.8099999999999998,0.54
0.44999999999999996,0.8299999999999998,0.54
0.44999999999999996,0.8499999999999999,0.54
0.44999999999999996,0.8699999999999999,0.54
0.44999999999999996,0.8899999999999999,0.53
0.44999999999999996,0.9099999999999999,0.53
0.44999999999999996,0.9299999999999998,0.53
0.44999999999999996,0.9499999999999998,0.54
0.44999999999999996,0.9699999999999999,0.54
0.44999999999999996,0.9899999999999999,0.53
0.4699999999999999,0.01,0.54
0.4699999999999999,0.03,0.62
0.4699999999999999,0.049999999999999996,0.67
0.4699999999999999,0.06999999999999999,0.68
0.4699999999999999,0.08999999999999998,0.67
0.4699999999999999,0.10999999999999997,0.65
0.4699999999999999,0.12999999999999998,0.67
0.4699999999999999,0.15,0.61
0.4699999999999999,0.16999999999999998,0.65
0.4699999999999999,0.18999999999999997,0.65
0.4699999999999999,0.20999999999999996,0.59
0.4699999999999999,0.22999999999999998,0.59
0.4699999999999999,0.24999999999999997,0.61
0.4699999999999999,0.26999999999999996,0.59
0.4699999999999999,0.29,0.56
0.4699999999999999,0.30999999999999994,0.56
0.4699999999999999,0.32999999999999996,0.57
0.4699999999999999,0.35,0.57
0.4699999999999999,0.36999999999999994,0.57
0.4699999999999999,0.38999999999999996,0.57
0.4699999999999999,0.4099999999999999,0.58
0.4699999999999999,0.42999999999999994,0.57
0.4699999999999999,0.44999999999999996,0.57
0.4699999999999999,0.4699999999999999,0.57
0.4699999999999999,0.48999999999999994,0.57
0.4699999999999999,0.5099999999999999,0.57
0.4699999999999999,0.5299999999999999,0.56
0.4699999999999999,0.5499999999999999,0.55
0.4699999999999999,0.57,0.54
0.4699999999999999,0.59,0.54
0.4699999999999999,0.6099999999999999,0.54
0.4699999999999999,0.6299999999999999,0.54
0.4699999999999999,0.6499999999999999,0.54
0.4699999999999999,0.6699999999999999,0.54
0.4699999999999999,0.69,0.54
0.4699999999999999,0.7099999999999999,0.54
0.4699999999999999,0.7299999999999999,0.54
0.4699999999999999,0.7499999999999999,0.54
0.4699999999999999,0.7699999999999999,0.54
0.4699999999999999,0.7899999999999999,0.54
0.4699999999999999,0.8099999999999998,0.54
0.4699999999999999,0.8299999999999998,0.54
0.4699999999999999,0.8499999999999999,0.54
0.4699999999999999,0.8699999999999999,0.54
0.4699999999999999,0.8899999999999999,0.53
0.4699999999999999,0.9099999999999999,0.53
0.4699999999999999,0.9299999999999998,0.53
0.4699999999999999,0.9499999999999998,0.54
0.4699999999999999,0.9699999999999999,0.54
0.4699999999999999,0.9899999999999999,0.53
0.48999999999999994,0.01,0.54
0.48999999999999994,0.03,0.62
0.48999999999999994,0.049999999999999996,0.67
0.48999999999999994,0.06999999999999999,0.68
0.48999999999999994,0.08999999999999998,0.67
0.48999999999999994,0.10999999999999997,0.65
0.48999999999999994,0.12999999999999998,0.67
0.48999999999999994,0.15,0.61
0.48999999999999994,0.16999999999999998,0.65
0.48999999999999994,0.18999999999999997,0.65
0.48999999999999994,0.20999999999999996,0.59
0.48999999999999994,0.22999999999999998,0.59
0.48999999999999994,0.24999999999999997,0.61
0.48999999999999994,0.26999999999999996,0.59
0.48999999999999994,0.29,0.56
0.48999999999999994,0.30999999999999994,0.56
0.48999999999999994,0.32999999999999996,0.57
0.48999999999999994,0.35,0.57
0.48999999999999994,0.36999999999999994,0.57
0.48999999999999994,0.38999999999999996,0.57
0.48999999999999994,0.4099999999999999,0.58
0.48999999999999994,0.42999999999999994,0.57
0.48999999999999994,0.44999999999999996,0.57
0.48999999999999994,0.4699999999999999,0.57
0.48999999999999994,0.48999999999999994,0.57
0.48999999999999994,0.5099999999999999,0.57
0.48999999999999994,0.5299999999999999,0.56
0.48999999999999994,0.5499999999999999,0.55
0.48999999999999994,0.57,0.54
0.48999999999999994,0.59,0.54
0.48999999999999994,0.6099999999999999,0.54
0.48999999999999994,0.6299999999999999,0.54
0.48999999999999994,0.6499999999999999,0.54
0.48999999999999994,0.6699999999999999,0.54
0.48999999999999994,0.69,0.54
0.48999999999999994,0.7099999999999999,0.54
0.48999999999999994,0.7299999999999999,0.54
0.48999999999999994,0.7499999999999999,0.54
0.48999999999999994,0.7699999999999999,0.54
0.48999999999999994,0.7899999999999999,0.54
0.48999999999999994,0.8099999999999998,0.54
0.48999999999999994,0.8299999999999998,0.54
0.48999999999999994,0.8499999999999999,0.54
0.48999999999999994,0.8699999999999999,0.54
0.48999999999999994,0.8899999999999999,0.53
0.48999999999999994,0.9099999999999999,0.53
0.48999999999999994,0.9299999999999998,0.53
0.48999999999999994,0.9499999999999998,0.54
0.48999999999999994,0.9699999999999999,0.54
0.48999999999999994,0.9899999999999999,0.53
0.5099999999999999,0.01,0.55
0.5099999999999999,0.03,0.62
0.5099999999999999,0.049999999999999996,0.67
0.5099999999999999,0.06999999999999999,0.68
0.5099999999999999,0.08999999999999998,0.67
0.5099999999999999,0.10999999999999997,0.65
0.5099999999999999,0.12999999999999998,0.67
0.5099999999999999,0.15,0.61
0.5099999999999999,0.16999999999999998,0.65
0.5099999999999999,0.18999999999999997,0.65
0.5099999999999999,0.20999999999999996,0.59
0.5099999999999999,0.22999999999999998,0.59
0.5099999999999999,0.24999999999999997,0.61
0.5099999999999999,0.26999999999999996,0.59
0.5099999999999999,0.29,0.56
0.5099999999999999,0.30999999999999994,0.56
0.5099999999999999,0.32999999999999996,0.57
0.5099999999999999,0.35,0.57
0.5099999999999999,0.36999999999999994,0.57
0.5099999999999999,0.38999999999999996,0.57
0.5099999999999999,0.4099999999999999,0.58
0.5099999999999999,0.42999999999999994,0.57
0.5099999999999999,0.44999999999999996,0.57
0.5099999999999999,0.4699999999999999,0.57
0.5099999999999999,0.48999999999999994,0.57
0.5099999999999999,0.5099999999999999,0.57
0.5099999999999999,0.5299999999999999,0.56
0.5099999999999999,0.5499999999999999,0.55
0.5099999999999999,0.57,0.54
0.5099999999999999,0.59,0.54
0.5099999999999999,0.6099999999999999,0.54
0.5099999999999999,0.6299999999999999,0.54
0.5099999999999999,0.6499999999999999,0.54
0.5099999999999999,0.6699999999999999,0.54
0.5099999999999999,0.69,0.54
0.5099999999999999,0.7099999999999999,0.54
0.5099999999999999,0.7299999999999999,0.54
0.5099999999999999,0.7499999999999999,0.54
0.5099999999999999,0.7699999999999999,0.54
0.5099999999999999,0.7899999999999999,0.54
0.5099999999999999,0.8099999999999998,0.54
0.5099999999999999,0.8299999999999998,0.54
0.5099999999999999,0.8499999999999999,0.54
0.5099999999999999,0.8699999999999999,0.54
0.5099999999999999,0.8899999999999999,0.53
0.5099999999999999,0.9099999999999999,0.53
0.5099999999999999,0.9299999999999998,0.53
0.5099999999999999,0.9499999999999998,0.54
0.5099999999999999,0.9699999999999999,0.54
0.5099999999999999,0.9899999999999999,0.53
0.5299999999999999,0.01,0.55
0.5299999999999999,0.03,0.62
0.5299999999999999,0.049999999999999996,0.67
0.5299999999999999,0.06999999999999999,0.68
0.5299999999999999,0.08999999999999998,0.67
0.5299999999999999,0.10999999999999997,0.65
0.5299999999999999,0.12999999999999998,0.67
0.5299999999999999,0.15,0.61
0.5299999999999999,0.16999999999999998,0.65
0.5299999999999999,0.18999999999999997,0.65
0.5299999999999999,0.20999999999999996,0.59
0.5299999999999999,0.22999999999999998,0.59
0.5299999999999999,0.24999999999999997,0.61
0.5299999999999999,0.26999999999999996,0.59
0.5299999999999999,0.29,0.56
0.5299999999999999,0.30999999999999994,0.56
0.5299999999999999,0.32999999999999996,0.57
0.5299999999999999,0.35,0.57
0.5299999999999999,0.36999999999999994,0.57
0.5299999999999999,0.38999999999999996,0.57
0.5299999999999999,0.4099999999999999,0.58
0.5299999999999999,0.42999999999999994,0.57
0.5299999999999999,0.44999999999999996,0.57
0.5299999999999999,0.4699999999999999,0.57
0.5299999999999999,0.48999999999999994,0.57
0.5299999999999999,0.5099999999999999,0.57
0.5299999999999999,0.5299999999999999,0.56
0.5299999999999999,0.5499999999999999,0.55
0.5299999999999999,0.57,0.54
0.5299999999999999,0.59,0.54
0.5299999999999999,0.6099999999999999,0.54
0.5299999999999999,0.6299999999999999,0.54
0.5299999999999999,0.6499999999999999,0.54
0.5299999999999999,0.6699999999999999,0.54
0.5299999999999999,0.69,0.54
0.5299999999999999,0.7099999999999999,0.54
0.5299999999999999,0.7299999999999999,0.54
0.5299999999999999,0.7499999999999999,0.54
0.5299999999999999,0.7699999999999999,0.54
0.5299999999999999,0.7899999999999999,0.54
0.5299999999999999,0.8099999999999998,0.54
0.5299999999999999,0.8299999999999998,0.54
0.5299999999999999,0.8499999999999999,0.54
0.5299999999999999,0.8699999999999999,0.54
0.5299999999999999,0.8899999999999999,0.53
0.5299999999999999,0.9099999999999999,0.53
0.5299999999999999,0.9299999999999998,0.53
0.5299999999999999,0.9499999999999998,0.54
0.5299999999999999,0.9699999999999999,0.54
0.5299999999999999,0.9899999999999999,0.53
0.5499999999999999,0.01,0.55
0.5499999999999999,0.03,0.62
0.5499999999999999,0.049999999999999996,0.67
0.5499999999999999,0.06999999999999999,0.68
0.5499999999999999,0.08999999999999998,0.67
0.5499999999999999,0.10999999999999997,0.65
0.5499999999999999,0.12999999999999998,0.67
0.5499999999999999,0.15,0.61
0.5499999999999999,0.16999999999999998,0.65
0.5499999999999999,0.18999999999999997,0.65
0.5499999999999999,0.20999999999999996,0.59
0.5499999999999999,0.22999999999999998,0.59
0.5499999999999999,0.24999999999999997,0.61
0.5499999999999999,0.26999999999999996,0.59
0.5499999999999999,0.29,0.56
0.5499999999999999,0.30999999999999994,0.56
0.5499999999999999,0.32999999999999996,0.57
0.5499999999999999,0.35,0.57
0.5499999999999999,0.36999999999999994,0.57
0.5499999999999999,0.38999999999999996,0.57
0.5499999999999999,0.4099999999999999,0.58
0.5499999999999999,0.42999999999999994,0.57
0.5499999999999999,0.44999999999999996,0.57
0.5499999999999999,0.4699999999999999,0.57
0.5499999999999999,0.48999999999999994,0.57
0.5499999999999999,0.5099999999999999,0.57
0.5499999999999999,0.5299999999999999,0.56
0.5499999999999999,0.5499999999999999,0.55
0.5499999999999999,0.57,0.54
0.5499999999999999,0.59,0.54
0.5499999999999999,0.6099999999999999,0.54
0.5499999999999999,0.6299999999999999,0.54
0.5499999999999999,0.6499999999999999,0.54
0.5499999999999999,0.6699999999999999,0.54
0.5499999999999999,0.69,0.54
0.5499999999999999,0.7099999999999999,0.54
0.5499999999999999,0.7299999999999999,0.54
0.5499999999999999,0.7499999999999999,0.54
0.5499999999999999,0.7699999999999999,0.54
0.5499999999999999,0.7899999999999999,0.54
0.5499999999999999,0.8099999999999998,0.54
0.5499999999999999,0.8299999999999998,0.54
0.5499999999999999,0.8499999999999999,0.54
0.5499999999999999,0.8699999999999999,0.54
0.5499999999999999,0.8899999999999999,0.53
0.5499999999999999,0.9099999999999999,0.53
0.5499999999999999,0.9299999999999998,0.53
0.5499999999999999,0.9499999999999998,0.54
0.5499999999999999,0.9699999999999999,0.54
0.5499999999999999,0.9899999999999999,0.53
0.57,0.01,0.55
0.57,0.03,0.62
0.57,0.049999999999999996,0.67
0.57,0.06999999999999999,0.68
0.57,0.08999999999999998,0.67
0.57,0.10999999999999997,0.65
0.57,0.12999999999999998,0.67
0.57,0.15,0.61
0.57,0.16999999999999998,0.65
0.57,0.18999999999999997,0.65
0.57,0.20999999999999996,0.59
0.57,0.22999999999999998,0.59
0.57,0.24999999999999997,0.61
0.57,0.26999999999999996,0.59
0.57,0.29,0.56
0.57,0.30999999999999994,0.56
0.57,0.32999999999999996,0.57
0.57,0.35,0.57
0.57,0.36999999999999994,0.57
0.57,0.38999999999999996,0.57
0.57,0.4099999999999999,0.58
0.57,0.42999999999999994,0.57
0.57,0.44999999999999996,0.57
0.57,0.4699999999999999,0.57
0.57,0.48999999999999994,0.57
0.57,0.5099999999999999,0.57
0.57,0.5299999999999999,0.56
0.57,0.5499999999999999,0.55
0.57,0.57,0.54
0.57,0.59,0.54
0.57,0.6099999999999999,0.54
0.57,0.6299999999999999,0.54
0.57,0.6499999999999999,0.54
0.57,0.6699999999999999,0.54
0.57,0.69,0.54
0.57,0.7099999999999999,0.54
0.57,0.7299999999999999,0.54
0.57,0.7499999999999999,0.54
0.57,0.7699999999999999,0.54
0.57,0.7899999999999999,0.54
0.57,0.8099999999999998,0.54
0.57,0.8299999999999998,0.54
0.57,0.8499999999999999,0.54
0.57,0.8699999999999999,0.54
0.57,0.8899999999999999,0.53
0.57,0.9099999999999999,0.53
0.57,0.9299999999999998,0.53
0.57,0.9499999999999998,0.54
0.57,0.9699999999999999,0.54
0.57,0.9899999999999999,0.53
0.59,0.01,0.55
0.59,0.03,0.62
0.59,0.049999999999999996,0.67
0.59,0.06999999999999999,0.68
0.59,0.08999999999999998,0.67
0.59,0.10999999999999997,0.65
0.59,0.12999999999999998,0.67
0.59,0.15,0.61
0.59,0.16999999999999998,0.65
0.59,0.18999999999999997,0.65
0.59,0.20999999999999996,0.59
0.59,0.22999999999999998,0.59
0.59,0.24999999999999997,0.61
0.59,0.26999999999999996,0.59
0.59,0.29,0.56
0.59,0.30999999999999994,0.56
0.59,0.32999999999999996,0.57
0.59,0.35,0.57
0.59,0.36999999999999994,0.57
0.59,0.38999999999999996,0.57
0.59,0.4099999999999999,0.58
0.59,0.42999999999999994,0.57
0.59,0.44999999999999996,0.57
0.59,0.4699999999999999,0.57
0.59,0.48999999999999994,0.57
0.59,0.5099999999999999,0.57
0.59,0.5299999999999999,0.56
0.59,0.5499999999999999,0.55
0.59,0.57,0.54
0.59,0.59,0.54
0.59,0.6099999999999999,0.54
0.59,0.6299999999999999,0.54
0.59,0.6499999999999999,0.54
0.59,0.6699999999999999,0.54
0.59,0.69,0.54
0.59,0.7099999999999999,0.54
0.59,0.7299999999999999,0.54
0.59,0.7499999999999999,0.54
0.59,0.7699999999999999,0.54
0.59,0.7899999999999999,0.54
0.59,0.8099999999999998,0.54
0.59,0.8299999999999998,0.54
0.59,0.8499999999999999,0.54
0.59,0.8699999999999999,0.54
0.59,0.8899999999999999,0.53
0.59,0.9099999999999999,0.53
0.59,0.9299999999999998,0.53
0.59,0.9499999999999998,0.54
0.59,0.9699999999999999,0.54
0.59,0.9899999999999999,0.53
0.6099999999999999,0.01,0.55
0.6099999999999999,0.03,0.62
0.6099999999999999,0.049999999999999996,0.67
0.6099999999999999,0.06999999999999999,0.68
0.6099999999999999,0.08999999999999998,0.67
0.6099999999999999,0.10999999999999997,0.65
0.6099999999999999,0.12999999999999998,0.67
0.6099999999999999,0.15,0.61
0.6099999999999999,0.16999999999999998,0.65
0.6099999999999999,0.18999999999999997,0.65
0.6099999999999999,0.20999999999999996,0.59
0.6099999999999999,0.22999999999999998,0.59
0.6099999999999999,0.24999999999999997,0.61
0.6099999999999999,0.26999999999999996,0.59
0.6099999999999999,0.29,0.56
0.6099999999999999,0.30999999999999994,0.56
0.6099999999999999,0.32999999999999996,0.57
0.6099999999999999,0.35,0.57
0.6099999999999999,0.36999999999999994,0.57
0.6099999999999999,0.38999999999999996,0.57
0.6099999999999999,0.4099999999999999,0.58
0.6099999999999999,0.42999999999999994,0.57
0.6099999999999999,0.44999999999999996,0.57
0.6099999999999999,0.4699999999999999,0.57
0.6099999999999999,0.48999999999999994,0.57
0.6099999999999999,0.5099999999999999,0.57
0.6099999999999999,0.5299999999999999,0.56
0.6099999999999999,0.5499999999999999,0.55
0.6099999999999999,0.57,0.54
0.6099999999999999,0.59,0.54
0.6099999999999999,0.6099999999999999,0.54
0.6099999999999999,0.6299999999999999,0.54
0.6099999999999999,0.6499999999999999,0.54
0.6099999999999999,0.6699999999999999,0.54
0.6099999999999999,0.69,0.54
0.6099999999999999,0.7099999999999999,0.54
0.6099999999999999,0.7299999999999999,0.54
0.6099999999999999,0.7499999999999999,0.54
0.6099999999999999,0.7699999999999999,0.54
0.6099999999999999,0.7899999999999999,0.54
0.6099999999999999,0.8099999999999998,0.54
0.6099999999999999,0.8299999999999998,0.54
0.6099999999999999,0.8499999999999999,0.54
0.6099999999999999,0.8699999999999999,0.54
0.6099999999999999,0.8899999999999999,0.53
0.6099999999999999,0.9099999999999999,0.53
0.6099999999999999,0.9299999999999998,0.53
0.6099999999999999,0.9499999999999998,0.54
0.6099999999999999,0.9699999999999999,0.54
0.6099999999999999,0.9899999999999999,0.53
0.6299999999999999,0.01,0.55
0.6299999999999999,0.03,0.62
0.6299999999999999,0.049999999999999996,0.67
0.6299999999999999,0.06999999999999999,0.68
0.6299999999999999,0.08999999999999998,0.67
0.6299999999999999,0.10999999999999997,0.65
0.6299999999999999,0.12999999999999998,0.67
0.6299999999999999,0.15,0.61
0.6299999999999999,0.16999999999999998,0.65
0.6299999999999999,0.18999999999999997,0.65
0.6299999999999999,0.20999999999999996,0.59
0.6299999999999999,0.22999999999999998,0.59
0.6299999999999999,0.24999999999999997,0.61
0.6299999999999999,0.26999999999999996,0.59
0.6299999999999999,0.29,0.56
0.6299999999999999,0.30999999999999994,0.56
0.6299999999999999,0.32999999999999996,0.57
0.6299999999999999,0.35,0.57
0.6299999999999999,0.36999999999999994,0.57
0.6299999999999999,0.38999999999999996,0.57
0.6299999999999999,0.4099999999999999,0.58
0.6299999999999999,0.42999999999999994,0.57
0.6299999999999999,0.44999999999999996,0.57
0.6299999999999999,0.4699999999999999,0.57
0.6299999999999999,0.48999999999999994,0.57
0.6299999999999999,0.5099999999999999,0.57
0.6299999999999999,0.5299999999999999,0.56
0.6299999999999999,0.5499999999999999,0.55
0.6299999999999999,0.57,0.54
0.6299999999999999,0.59,0.54
0.6299999999999999,0.6099999999999999,0.54
0.6299999999999999,0.6299999999999999,0.54
0.6299999999999999,0.6499999999999999,0.54
0.6299999999999999,0.6699999999999999,0.54
0.6299999999999999,0.69,0.54
0.6299999999999999,0.7099999999999999,0.54
0.6299999999999999,0.7299999999999999,0.54
0.6299999999999999,0.7499999999999999,0.54
0.6299999999999999,0.7699999999999999,0.54
0.6299999999999999,0.7899999999999999,0.54
0.6299999999999999,0.8099999999999998,0.54
0.6299999999999999,0.8299999999999998,0.54
0.6299999999999999,0.8499999999999999,0.54
0.6299999999999999,0.8699999999999999,0.54
0.6299999999999999,0.8899999999999999,0.53
0.6299999999999999,0.9099999999999999,0.53
0.6299999999999999,0.9299999999999998,0.53
0.6299999999999999,0.9499999999999998,0.54
0.6299999999999999,0.9699999999999999,0.54
0.6299999999999999,0.9899999999999999,0.53
0.6499999999999999,0.01,0.55
0.6499999999999999,0.03,0.62
0.6499999999999999,0.049999999999999996,0.67
0.6499999999999999,0.06999999999999999,0.68
0.6499999999999999,0.08999999999999998,0.67
0.6499999999999999,0.10999999999999997,0.65
0.6499999999999999,0.12999999999999998,0.67
0.6499999999999999,0.15,0.61
0.6499999999999999,0.16999999999999998,0.65
0.6499999999999999,0.18999999999999997,0.65
0.6499999999999999,0.20999999999999996,0.59
0.6499999999999999,0.22999999999999998,0.59
0.6499999999999999,0.24999999999999997,0.61
0.6499999999999999,0.26999999999999996,0.59
0.6499999999999999,0.29,0.56
0.6499999999999999,0.30999999999999994,0.56
0.6499999999999999,0.32999999999999996,0.57
0.6499999999999999,0.35,0.57
0.6499999999999999,0.36999999999999994,0.57
0.6499999999999999,0.38999999999999996,0.57
0.6499999999999999,0.4099999999999999,0.58
0.6499999999999999,0.42999999999999994,0.57
0.6499999999999999,0.44999999999999996,0.57
0.6499999999999999,0.4699999999999999,0.57
0.6499999999999999,0.48999999999999994,0.57
0.6499999999999999,0.5099999999999999,0.57
0.6499999999999999,0.5299999999999999,0.56
0.6499999999999999,0.5499999999999999,0.55
0.6499999999999999,0.57,0.54
0.6499999999999999,0.59,0.54
0.6499999999999999,0.6099999999999999,0.54
0.6499999999999999,0.6299999999999999,0.54
0.6499999999999999,0.6499999999999999,0.54
0.6499999999999999,0.6699999999999999,0.54
0.6499999999999999,0.69,0.54
0.6499999999999999,0.7099999999999999,0.54
0.6499999999999999,0.7299999999999999,0.54
0.6499999999999999,0.7499999999999999,0.54
0.6499999999999999,0.7699999999999999,0.54
0.6499999999999999,0.7899999999999999,0.54
0.6499999999999999,0.8099999999999998,0.54
0.6499999999999999,0.8299999999999998,0.54
0.6499999999999999,0.8499999999999999,0.54
0.6499999999999999,0.8699999999999999,0.54
0.6499999999999999,0.8899999999999999,0.53
0.6499999999999999,0.9099999999999999,0.53
0.6499999999999999,0.9299999999999998,0.53
0.6499999999999999,0.9499999999999998,0.54
0.6499999999999999,0.9699999999999999,0.54
0.6499999999999999,0.9899999999999999,0.53
0.6699999999999999,0.01,0.55
0.6699999999999999,0.03,0.62
0.6699999999999999,0.049999999999999996,0.67
0.6699999999999999,0.06999999999999999,0.68
0.6699999999999999,0.08999999999999998,0.67
0.6699999999999999,0.10999999999999997,0.65
0.6699999999999999,0.12999999999999998,0.67
0.6699999999999999,0.15,0.61
0.6699999999999999,0.16999999999999998,0.65
0.6699999999999999,0.18999999999999997,0.65
0.6699999999999999,0.20999999999999996,0.59
0.6699999999999999,0.22999999999999998,0.59
0.6699999999999999,0.24999999999999997,0.61
0.6699999999999999,0.26999999999999996,0.59
0.6699999999999999,0.29,0.56
0.6699999999999999,0.30999999999999994,0.56
0.6699999999999999,0.32999999999999996,0.57
0.6699999999999999,0.35,0.57
0.6699999999999999,0.36999999999999994,0.57
0.6699999999999999,0.38999999999999996,0.57
0.6699999999999999,0.4099999999999999,0.58
0.6699999999999999,0.42999999999999994,0.57
0.6699999999999999,0.44999999999999996,0.57
0.6699999999999999,0.4699999999999999,0.57
0.6699999999999999,0.48999999999999994,0.57
0.6699999999999999,0.5099999999999999,0.57
0.6699999999999999,0.5299999999999999,0.56
0.6699999999999999,0.5499999999999999,0.55
0.6699999999999999,0.57,0.54
0.6699999999999999,0.59,0.54
0.6699999999999999,0.6099999999999999,0.54
0.6699999999999999,0.6299999999999999,0.54
0.6699999999999999,0.6499999999999999,0.54
0.6699999999999999,0.6699999999999999,0.54
0.6699999999999999,0.69,0.54
0.6699999999999999,0.7099999999999999,0.54
0.6699999999999999,0.7299999999999999,0.54
0.6699999999999999,0.7499999999999999,0.54
0.6699999999999999,0.7699999999999999,0.54
0.6699999999999999,0.7899999999999999,0.54
0.6699999999999999,0.8099999999999998,0.54
0.6699999999999999,0.8299999999999998,0.54
0.6699999999999999,0.8499999999999999,0.54
0.6699999999999999,0.8699999999999999,0.54
0.6699999999999999,0.8899999999999999,0.53
0.6699999999999999,0.9099999999999999,0.53
0.6699999999999999,0.9299999999999998,0.53
0.6699999999999999,0.9499999999999998,0.54
0.6699999999999999,0.9699999999999999,0.54
0.6699999999999999,0.9899999999999999,0.53
0.69,0.01,0.55
0.69,0.03,0.62
0.69,0.049999999999999996,0.67
0.69,0.06999999999999999,0.68
0.69,0.08999999999999998,0.67
0.69,0.10999999999999997,0.65
0.69,0.12999999999999998,0.67
0.69,0.15,0.61
0.69,0.16999999999999998,0.65
0.69,0.18999999999999997,0.65
0.69,0.20999999999999996,0.59
0.69,0.22999999999999998,0.59
0.69,0.24999999999999997,0.61
0.69,0.26999999999999996,0.59
0.69,0.29,0.56
0.69,0.30999999999999994,0.56
0.69,0.32999999999999996,0.57
0.69,0.35,0.57
0.69,0.36999999999999994,0.57
0.69,0.38999999999999996,0.57
0.69,0.4099999999999999,0.58
0.69,0.42999999999999994,0.57
0.69,0.44999999999999996,0.57
0.69,0.4699999999999999,0.57
0.69,0.48999999999999994,0.57
0.69,0.5099999999999999,0.57
0.69,0.5299999999999999,0.56
0.69,0.5499999999999999,0.55
0.69,0.57,0.54
0.69,0.59,0.54
0.69,0.6099999999999999,0.54
0.69,0.6299999999999999,0.54
0.69,0.6499999999999999,0.54
0.69,0.6699999999999999,0.54
0.69,0.69,0.54
0.69,0.7099999999999999,0.54
0.69,0.7299999999999999,0.54
0.69,0.7499999999999999,0.54
0.69,0.7699999999999999,0.54
0.69,0.7899999999999999,0.54
0.69,0.8099999999999998,0.54
0.69,0.8299999999999998,0.54
0.69,0.8499999999999999,0.54
0.69,0.8699999999999999,0.54
0.69,0.8899999999999999,0.53
0.69,0.9099999999999999,0.53
0.69,0.9299999999999998,0.53
0.69,0.9499999999999998,0.54
0.69,0.9699999999999999,0.54
0.69,0.9899999999999999,0.53
0.7099999999999999,0.01,0.55
0.7099999999999999,0.03,0.62
0.7099999999999999,0.049999999999999996,0.67
0.7099999999999999,0.06999999999999999,0.68
0.7099999999999999,0.08999999999999998,0.67
0.7099999999999999,0.10999999999999997,0.65
0.7099999999999999,0.12999999999999998,0.67
0.7099999999999999,0.15,0.61
0.7099999999999999,0.16999999999999998,0.65
0.7099999999999999,0.18999999999999997,0.65
0.7099999999999999,0.20999999999999996,0.59
0.7099999999999999,0.22999999999999998,0.59
0.7099999999999999,0.24999999999999997,0.61
0.7099999999999999,0.26999999999999996,0.59
0.7099999999999999,0.29,0.56
0.7099999999999999,0.30999999999999994,0.56
0.7099999999999999,0.32999999999999996,0.57
0.7099999999999999,0.35,0.57
0.7099999999999999,0.36999999999999994,0.57
0.7099999999999999,0.38999999999999996,0.57
0.7099999999999999,0.4099999999999999,0.58
0.7099999999999999,0.42999999999999994,0.57
0.7099999999999999,0.44999999999999996,0.57
0.7099999999999999,0.4699999999999999,0.57
0.7099999999999999,0.48999999999999994,0.57
0.7099999999999999,0.5099999999999999,0.57
0.7099999999999999,0.5299999999999999,0.56
0.7099999999999999,0.5499999999999999,0.55
0.7099999999999999,0.57,0.54
0.7099999999999999,0.59,0.54
0.7099999999999999,0.6099999999999999,0.54
0.7099999999999999,0.6299999999999999,0.54
0.7099999999999999,0.6499999999999999,0.54
0.7099999999999999,0.6699999999999999,0.54
0.7099999999999999,0.69,0.54
0.7099999999999999,0.7099999999999999,0.54
0.7099999999999999,0.7299999999999999,0.54
0.7099999999999999,0.7499999999999999,0.54
0.7099999999999999,0.7699999999999999,0.54
0.7099999999999999,0.7899999999999999,0.54
0.7099999999999999,0.8099999999999998,0.54
0.7099999999999999,0.8299999999999998,0.54
0.7099999999999999,0.8499999999999999,0.54
0.7099999999999999,0.8699999999999999,0.54
0.7099999999999999,0.8899999999999999,0.53
0.7099999999999999,0.9099999999999999,0.53
0.7099999999999999,0.9299999999999998,0.53
0.7099999999999999,0.9499999999999998,0.54
0.7099999999999999,0.9699999999999999,0.54
0.7099999999999999,0.9899999999999999,0.53
0.7299999999999999,0.01,0.55
0.7299999999999999,0.03,0.62
0.7299999999999999,0.049999999999999996,0.67
0.7299999999999999,0.06999999999999999,0.68
0.7299999999999999,0.08999999999999998,0.67
0.7299999999999999,0.10999999999999997,0.65
0.7299999999999999,0.12999999999999998,0.67
0.7299999999999999,0.15,0.61
0.7299999999999999,0.16999999999999998,0.65
0.7299999999999999,0.18999999999999997,0.65
0.7299999999999999,0.20999999999999996,0.59
0.7299999999999999,0.22999999999999998,0.59
0.7299999999999999,0.24999999999999997,0.61
0.7299999999999999,0.26999999999999996,0.59
0.7299999999999999,0.29,0.56
0.7299999999999999,0.30999999999999994,0.56
0.7299999999999999,0.32999999999999996,0.57
0.7299999999999999,0.35,0.57
0.7299999999999999,0.36999999999999994,0.57
0.7299999999999999,0.38999999999999996,0.57
0.7299999999999999,0.4099999999999999,0.58
0.7299999999999999,0.42999999999999994,0.57
0.7299999999999999,0.44999999999999996,0.57
0.7299999999999999,0.4699999999999999,0.57
0.7299999999999999,0.48999999999999994,0.57
0.7299999999999999,0.5099999999999999,0.57
0.7299999999999999,0.5299999999999999,0.56
0.7299999999999999,0.5499999999999999,0.55
0.7299999999999999,0.57,0.54
0.7299999999999999,0.59,0.54
0.7299999999999999,0.6099999999999999,0.54
0.7299999999999999,0.6299999999999999,0.54
0.7299999999999999,0.6499999999999999,0.54
0.7299999999999999,0.6699999999999999,0.54
0.7299999999999999,0.69,0.54
0.7299999999999999,0.7099999999999999,0.54
0.7299999999999999,0.7299999999999999,0.54
0.7299999999999999,0.7499999999999999,0.54
0.7299999999999999,0.7699999999999999,0.54
0.7299999999999999,0.7899999999999999,0.54
0.7299999999999999,0.8099999999999998,0.54
0.7299999999999999,0.8299999999999998,0.54
0.7299999999999999,0.8499999999999999,0.54
0.7299999999999999,0.8699999999999999,0.54
0.7299999999999999,0.8899999999999999,0.53
0.7299999999999999,0.9099999999999999,0.53
0.7299999999999999,0.9299999999999998,0.53
0.7299999999999999,0.9499999999999998,0.54
0.7299999999999999,0.9699999999999999,0.54
0.7299999999999999,0.9899999999999999,0.53
0.7499999999999999,0.01,0.55
0.7499999999999999,0.03,0.62
0.7499999999999999,0.049999999999999996,0.67
0.7499999999999999,0.06999999999999999,0.68
0.7499999999999999,0.08999999999999998,0.67
0.7499999999999999,0.10999999999999997,0.65
0.7499999999999999,0.12999999999999998,0.67
0.7499999999999999,0.15,0.61
0.7499999999999999,0.16999999999999998,0.65
0.7499999999999999,0.18999999999999997,0.65
0.7499999999999999,0.20999999999999996,0.59
0.7499999999999999,0.22999999999999998,0.59
0.7499999999999999,0.24999999999999997,0.61
0.7499999999999999,0.26999999999999996,0.59
0.7499999999999999,0.29,0.56
0.7499999999999999,0.30999999999999994,0.56
0.7499999999999999,0.32999999999999996,0.57
0.7499999999999999,0.35,0.57
0.7499999999999999,0.36999999999999994,0.57
0.7499999999999999,0.38999999999999996,0.57
0.7499999999999999,0.4099999999999999,0.58
0.7499999999999999,0.42999999999999994,0.57
0.7499999999999999,0.44999999999999996,0.57
0.7499999999999999,0.4699999999999999,0.57
0.7499999999999999,0.48999999999999994,0.57
0.7499999999999999,0.5099999999999999,0.57
0.7499999999999999,0.5299999999999999,0.56
0.7499999999999999,0.5499999999999999,0.55
0.7499999999999999,0.57,0.54
0.7499999999999999,0.59,0.54
0.7499999999999999,0.6099999999999999,0.54
0.7499999999999999,0.6299999999999999,0.54
0.7499999999999999,0.6499999999999999,0.54
0.7499999999999999,0.6699999999999999,0.54
0.7499999999999999,0.69,0.54
0.7499999999999999,0.7099999999999999,0.54
0.7499999999999999,0.7299999999999999,0.54
0.7499999999999999,0.7499999999999999,0.54
0.7499999999999999,0.7699999999999999,0.54
0.7499999999999999,0.7899999999999999,0.54
0.7499999999999999,0.8099999999999998,0.54
0.7499999999999999,0.8299999999999998,0.54
0.7499999999999999,0.8499999999999999,0.54
0.7499999999999999,0.8699999999999999,0.54
0.7499999999999999,0.8899999999999999,0.53
0.7499999999999999,0.9099999999999999,0.53
0.7499999999999999,0.9299999999999998,0.53
0.7499999999999999,0.9499999999999998,0.54
0.7499999999999999,0.9699999999999999,0.54
0.7499999999999999,0.9899999999999999,0.53
0.7699999999999999,0.01,0.55
0.7699999999999999,0.03,0.62
0.7699999999999999,0.049999999999999996,0.67
0.7699999999999999,0.06999999999999999,0.68
0.7699999999999999,0.08999999999999998,0.67
0.7699999999999999,0.10999999999999997,0.65
0.7699999999999999,0.12999999999999998,0.67
0.7699999999999999,0.15,0.61
0.7699999999999999,0.16999999999999998,0.65
0.7699999999999999,0.18999999999999997,0.65
0.7699999999999999,0.20999999999999996,0.59
0.7699999999999999,0.22999999999999998,0.59
0.7699999999999999,0.24999999999999997,0.61
0.7699999999999999,0.26999999999999996,0.59
0.7699999999999999,0.29,0.56
0.7699999999999999,0.30999999999999994,0.56
0.7699999999999999,0.32999999999999996,0.57
0.7699999999999999,0.35,0.57
0.7699999999999999,0.36999999999999994,0.57
0.7699999999999999,0.38999999999999996,0.57
0.7699999999999999,0.4099999999999999,0.58
0.7699999999999999,0.42999999999999994,0.57
0.7699999999999999,0.44999999999999996,0.57
0.7699999999999999,0.4699999999999999,0.57
0.7699999999999999,0.48999999999999994,0.57
0.7699999999999999,0.5099999999999999,0.57
0.7699999999999999,0.5299999999999999,0.56
0.7699999999999999,0.5499999999999999,0.55
0.7699999999999999,0.57,0.54
0.7699999999999999,0.59,0.54
0.7699999999999999,0.6099999999999999,0.54
0.7699999999999999,0.6299999999999999,0.54
0.7699999999999999,0.6499999999999999,0.54
0.7699999999999999,0.6699999999999999,0.54
0.7699999999999999,0.69,0.54
0.7699999999999999,0.7099999999999999,0.54
0.7699999999999999,0.7299999999999999,0.54
0.7699999999999999,0.7499999999999999,0.54
0.7699999999999999,0.7699999999999999,0.54
0.7699999999999999,0.7899999999999999,0.54
0.7699999999999999,0.8099999999999998,0.54
0.7699999999999999,0.8299999999999998,0.54
0.7699999999999999,0.8499999999999999,0.54
0.7699999999999999,0.8699999999999999,0.54
0.7699999999999999,0.8899999999999999,0.53
0.7699999999999999,0.9099999999999999,0.53
0.7699999999999999,0.9299999999999998,0.53
0.7699999999999999,0.9499999999999998,0.54
0.7699999999999999,0.9699999999999999,0.54
0.7699999999999999,0.9899999999999999,0.53
0.7899999999999999,0.01,0.55
0.7899999999999999,0.03,0.62
0.7899999999999999,0.049999999999999996,0.67
0.7899999999999999,0.06999999999999999,0.68
0.7899999999999999,0.08999999999999998,0.67
0.7899999999999999,0.10999999999999997,0.65
0.7899999999999999,0.12999999999999998,0.67
0.7899999999999999,0.15,0.61
0.7899999999999999,0.16999999999999998,0.65
0.7899999999999999,0.18999999999999997,0.65
0.7899999999999999,0.20999999999999996,0.59
0.7899999999999999,0.22999999999999998,0.59
0.7899999999999999,0.24999999999999997,0.61
0.7899999999999999,0.26999999999999996,0.59
0.7899999999999999,0.29,0.56
0.7899999999999999,0.30999999999999994,0.56
0.7899999999999999,0.32999999999999996,0.57
0.7899999999999999,0.35,0.57
0.7899999999999999,0.36999999999999994,0.57
0.7899999999999999,0.38999999999999996,0.57
0.7899999999999999,0.4099999999999999,0.58
0.7899999999999999,0.42999999999999994,0.57
0.7899999999999999,0.44999999999999996,0.57
0.7899999999999999,0.4699999999999999,0.57
0.7899999999999999,0.48999999999999994,0.57
0.7899999999999999,0.5099999999999999,0.57
0.7899999999999999,0.5299999999999999,0.56
0.7899999999999999,0.5499999999999999,0.55
0.7899999999999999,0.57,0.54
0.7899999999999999,0.59,0.54
0.7899999999999999,0.6099999999999999,0.54
0.7899999999999999,0.6299999999999999,0.54
0.7899999999999999,0.6499999999999999,0.54
0.7899999999999999,0.6699999999999999,0.54
0.7899999999999999,0.69,0.54
0.7899999999999999,0.7099999999999999,0.54
0.7899999999999999,0.7299999999999999,0.54
0.7899999999999999,0.7499999999999999,0.54
0.7899999999999999,0.7699999999999999,0.54
0.7899999999999999,0.7899999999999999,0.54
0.7899999999999999,0.8099999999999998,0.54
0.7899999999999999,0.8299999999999998,0.54
0.7899999999999999,0.8499999999999999,0.54
0.7899999999999999,0.8699999999999999,0.54
0.7899999999999999,0.8899999999999999,0.53
0.7899999999999999,0.9099999999999999,0.53
0.7899999999999999,0.9299999999999998,0.53
0.7899999999999999,0.9499999999999998,0.54
0.7899999999999999,0.9699999999999999,0.54
0.7899999999999999,0.9899999999999999,0.53
0.8099999999999998,0.01,0.55
0.8099999999999998,0.03,0.62
0.8099999999999998,0.049999999999999996,0.67
0.8099999999999998,0.06999999999999999,0.68
0.8099999999999998,0.08999999999999998,0.67
0.8099999999999998,0.10999999999999997,0.65
0.8099999999999998,0.12999999999999998,0.67
0.8099999999999998,0.15,0.61
0.8099999999999998,0.16999999999999998,0.65
0.8099999999999998,0.18999999999999997,0.65
0.8099999999999998,0.20999999999999996,0.59
0.8099999999999998,0.22999999999999998,0.59
0.8099999999999998,0.24999999999999997,0.61
0.8099999999999998,0.26999999999999996,0.59
0.8099999999999998,0.29,0.56
0.8099999999999998,0.30999999999999994,0.56
0.8099999999999998,0.32999999999999996,0.57
0.8099999999999998,0.35,0.57
0.8099999999999998,0.36999999999999994,0.57
0.8099999999999998,0.38999999999999996,0.57
0.8099999999999998,0.4099999999999999,0.58
0.8099999999999998,0.42999999999999994,0.57
0.8099999999999998,0.44999999999999996,0.57
0.8099999999999998,0.4699999999999999,0.57
0.8099999999999998,0.48999999999999994,0.57
0.8099999999999998,0.5099999999999999,0.57
0.8099999999999998,0.5299999999999999,0.56
0.8099999999999998,0.5499999999999999,0.55
0.8099999999999998,0.57,0.54
0.8099999999999998,0.59,0.54
0.8099999999999998,0.6099999999999999,0.54
0.8099999999999998,0.6299999999999999,0.54
0.8099999999999998,0.6499999999999999,0.54
0.8099999999999998,0.6699999999999999,0.54
0.8099999999999998,0.69,0.54
0.8099999999999998,0.7099999999999999,0.54
0.8099999999999998,0.7299999999999999,0.54
0.8099999999999998,0.7499999999999999,0.54
0.8099999999999998,0.7699999999999999,0.54
0.8099999999999998,0.7899999999999999,0.54
0.8099999999999998,0.8099999999999998,0.54
0.8099999999999998,0.8299999999999998,0.54
0.8099999999999998,0.8499999999999999,0.54
0.8099999999999998,0.8699999999999999,0.54
0.8099999999999998,0.8899999999999999,0.53
0.8099999999999998,0.9099999999999999,0.53
0.8099999999999998,0.9299999999999998,0.53
0.8099999999999998,0.9499999999999998,0.54
0.8099999999999998,0.9699999999999999,0.54
0.8099999999999998,0.9899999999999999,0.53
0.8299999999999998,0.01,0.55
0.8299999999999998,0.03,0.62
0.8299999999999998,0.049999999999999996,0.67
0.8299999999999998,0.06999999999999999,0.68
0.8299999999999998,0.08999999999999998,0.67
0.8299999999999998,0.10999999999999997,0.65
0.8299999999999998,0.12999999999999998,0.67
0.8299999999999998,0.15,0.61
0.8299999999999998,0.16999999999999998,0.65
0.8299999999999998,0.18999999999999997,0.65
0.8299999999999998,0.20999999999999996,0.59
0.8299999999999998,0.22999999999999998,0.59
0.8299999999999998,0.24999999999999997,0.61
0.8299999999999998,0.26999999999999996,0.59
0.8299999999999998,0.29,0.56
0.8299999999999998,0.30999999999999994,0.56
0.8299999999999998,0.32999999999999996,0.57
0.8299999999999998,0.35,0.57
0.8299999999999998,0.36999999999999994,0.57
0.8299999999999998,0.38999999999999996,0.57
0.8299999999999998,0.4099999999999999,0.58
0.8299999999999998,0.42999999999999994,0.57
0.8299999999999998,0.44999999999999996,0.57
0.8299999999999998,0.4699999999999999,0.57
0.8299999999999998,0.48999999999999994,0.57
0.8299999999999998,0.5099999999999999,0.57
0.8299999999999998,0.5299999999999999,0.56
0.8299999999999998,0.5499999999999999,0.55
0.8299999999999998,0.57,0.54
0.8299999999999998,0.59,0.54
0.8299999999999998,0.6099999999999999,0.54
0.8299999999999998,0.6299999999999999,0.54
0.8299999999999998,0.6499999999999999,0.54
0.8299999999999998,0.6699999999999999,0.54
0.8299999999999998,0.69,0.54
0.8299999999999998,0.7099999999999999,0.54
0.8299999999999998,0.7299999999999999,0.54
0.8299999999999998,0.7499999999999999,0.54
0.8299999999999998,0.7699999999999999,0.54
0.8299999999999998,0.7899999999999999,0.54
0.8299999999999998,0.8099999999999998,0.54
0.8299999999999998,0.8299999999999998,0.54
0.8299999999999998,0.8499999999999999,0.54
0.8299999999999998,0.8699999999999999,0.54
0.8299999999999998,0.8899999999999999,0.53
0.8299999999999998,0.9099999999999999,0.53
0.8299999999999998,0.9299999999999998,0.53
0.8299999999999998,0.9499999999999998,0.54
0.8299999999999998,0.9699999999999999,0.54
0.8299999999999998,0.9899999999999999,0.53
0.8499999999999999,0.01,0.55
0.8499999999999999,0.03,0.62
0.8499999999999999,0.049999999999999996,0.67
0.8499999999999999,0.06999999999999999,0.68
0.8499999999999999,0.08999999999999998,0.67
0.8499999999999999,0.10999999999999997,0.65
0.8499999999999999,0.12999999999999998,0.67
0.8499999999999999,0.15,0.61
0.8499999999999999,0.16999999999999998,0.65
0.8499999999999999,0.18999999999999997,0.65
0.8499999999999999,0.20999999999999996,0.59
0.8499999999999999,0.22999999999999998,0.59
0.8499999999999999,0.24999999999999997,0.61
0.8499999999999999,0.26999999999999996,0.59
0.8499999999999999,0.29,0.56
0.8499999999999999,0.30999999999999994,0.56
0.8499999999999999,0.32999999999999996,0.57
0.8499999999999999,0.35,0.57
0.8499999999999999,0.36999999999999994,0.57
0.8499999999999999,0.38999999999999996,0.57
0.8499999999999999,0.4099999999999999,0.58
0.8499999999999999,0.42999999999999994,0.57
0.8499999999999999,0.44999999999999996,0.57
0.8499999999999999,0.4699999999999999,0.57
0.8499999999999999,0.48999999999999994,0.57
0.8499999999999999,0.5099999999999999,0.57
0.8499999999999999,0.5299999999999999,0.56
0.8499999999999999,0.5499999999999999,0.55
0.8499999999999999,0.57,0.54
0.8499999999999999,0.59,0.54
0.8499999999999999,0.6099999999999999,0.54
0.8499999999999999,0.6299999999999999,0.54
0.8499999999999999,0.6499999999999999,0.54
0.8499999999999999,0.6699999999999999,0.54
0.8499999999999999,0.69,0.54
0.8499999999999999,0.7099999999999999,0.54
0.8499999999999999,0.7299999999999999,0.54
0.8499999999999999,0.7499999999999999,0.54
0.8499999999999999,0.7699999999999999,0.54
0.8499999999999999,0.7899999999999999,0.54
0.8499999999999999,0.8099999999999998,0.54
0.8499999999999999,0.8299999999999998,0.54
0.8499999999999999,0.8499999999999999,0.54
0.8499999999999999,0.8699999999999999,0.54
0.8499999999999999,0.8899999999999999,0.53
0.8499999999999999,0.9099999999999999,0.53
0.8499999999999999,0.9299999999999998,0.53
0.8499999999999999,0.9499999999999998,0.54
0.8499999999999999,0.9699999999999999,0.54
0.8499999999999999,0.9899999999999999,0.53
0.8699999999999999,0.01,0.56
0.8699999999999999,0.03,0.62
0.8699999999999999,0.049999999999999996,0.67
0.8699999999999999,0.06999999999999999,0.68
0.8699999999999999,0.08999999999999998,0.67
0.8699999999999999,0.10999999999999997,0.65
0.8699999999999999,0.12999999999999998,0.67
0.8699999999999999,0.15,0.61
0.8699999999999999,0.16999999999999998,0.65
0.8699999999999999,0.18999999999999997,0.65
0.8699999999999999,0.20999999999999996,0.59
0.8699999999999999,0.22999999999999998,0.59
0.8699999999999999,0.24999999999999997,0.61
0.8699999999999999,0.26999999999999996,0.59
0.8699999999999999,0.29,0.56
0.8699999999999999,0.30999999999999994,0.56
0.8699999999999999,0.32999999999999996,0.57
0.8699999999999999,0.35,0.57
0.8699999999999999,0.36999999999999994,0.57
0.8699999999999999,0.38999999999999996,0.57
0.8699999999999999,0.4099999999999999,0.58
0.8699999999999999,0.42999999999999994,0.57
0.8699999999999999,0.44999999999999996,0.57
0.8699999999999999,0.4699999999999999,0.57
0.8699999999999999,0.48999999999999994,0.57
0.8699999999999999,0.5099999999999999,0.57
0.8699999999999999,0.5299999999999999,0.56
0.8699999999999999,0.5499999999999999,0.55
0.8699999999999999,0.57,0.54
0.8699999999999999,0.59,0.54
0.8699999999999999,0.6099999999999999,0.54
0.8699999999999999,0.6299999999999999,0.54
0.8699999999999999,0.6499999999999999,0.54
0.8699999999999999,0.6699999999999999,0.54
0.8699999999999999,0.69,0.54
0.8699999999999999,0.7099999999999999,0.54
0.8699999999999999,0.7299999999999999,0.54
0.8699999999999999,0.7499999999999999,0.54
0.8699999999999999,0.7699999999999999,0.54
0.8699999999999999,0.7899999999999999,0.54
0.8699999999999999,0.8099999999999998,0.54
0.8699999999999999,0.8299999999999998,0.54
0.8699999999999999,0.8499999999999999,0.54
0.8699999999999999,0.8699999999999999,0.54
0.8699999999999999,0.8899999999999999,0.53
0.8699999999999999,0.9099999999999999,0.53
0.8699999999999999,0.9299999999999998,0.53
0.8699999999999999,0.9499999999999998,0.54
0.8699999999999999,0.9699999999999999,0.54
0.8699999999999999,0.9899999999999999,0.53
0.8899999999999999,0.01,0.55
0.8899999999999999,0.03,0.61
0.8899999999999999,0.049999999999999996,0.67
0.8899999999999999,0.06999999999999999,0.68
0.8899999999999999,0.08999999999999998,0.66
0.8899999999999999,0.10999999999999997,0.65
0.8899999999999999,0.12999999999999998,0.67
0.8899999999999999,0.15,0.61
0.8899999999999999,0.16999999999999998,0.65
0.8899999999999999,0.18999999999999997,0.65
0.8899999999999999,0.20999999999999996,0.59
0.8899999999999999,0.22999999999999998,0.59
0.8899999999999999,0.24999999999999997,0.61
0.8899999999999999,0.26999999999999996,0.59
0.8899999999999999,0.29,0.56
0.8899999999999999,0.30999999999999994,0.56
0.8899999999999999,0.32999999999999996,0.57
0.8899999999999999,0.35,0.57
0.8899999999999999,0.36999999999999994,0.57
0.8899999999999999,0.38999999999999996,0.57
0.8899999999999999,0.4099999999999999,0.58
0.8899999999999999,0.42999999999999994,0.57
0.8899999999999999,0.44999999999999996,0.57
0.8899999999999999,0.4699999999999999,0.57
0.8899999999999999,0.48999999999999994,0.57
0.8899999999999999,0.5099999999999999,0.57
0.8899999999999999,0.5299999999999999,0.56
0.8899999999999999,0.5499999999999999,0.55
0.8899999999999999,0.57,0.54
0.8899999999999999,0.59,0.54
0.8899999999999999,0.6099999999999999,0.54
0.8899999999999999,0.6299999999999999,0.54
0.8899999999999999,0.6499999999999999,0.54
0.8899999999999999,0.6699999999999999,0.54
0.8899999999999999,0.69,0.54
0.8899999999999999,0.7099999999999999,0.54
0.8899999999999999,0.7299999999999999,0.54
0.8899999999999999,0.7499999999999999,0.54
0.8899999999999999,0.7699999999999999,0.54
0.8899999999999999,0.7899999999999999,0.54
0.8899999999999999,0.8099999999999998,0.54
0.8899999999999999,0.8299999999999998,0.54
0.8899999999999999,0.8499999999999999,0.54
0.8899999999999999,0.8699999999999999,0.54
0.8899999999999999,0.8899999999999999,0.53
0.8899999999999999,0.9099999999999999,0.53
0.8899999999999999,0.9299999999999998,0.53
0.8899999999999999,0.9499999999999998,0.54
0.8899999999999999,0.9699999999999999,0.54
0.8899999999999999,0.9899999999999999,0.53
0.9099999999999999,0.01,0.56
0.9099999999999999,0.03,0.61
0.9099999999999999,0.049999999999999996,0.67
0.9099999999999999,0.06999999999999999,0.68
0.9099999999999999,0.08999999999999998,0.66
0.9099999999999999,0.10999999999999997,0.65
0.9099999999999999,0.12999999999999998,0.67
0.9099999999999999,0.15,0.61
0.9099999999999999,0.16999999999999998,0.65
0.9099999999999999,0.18999999999999997,0.65
0.9099999999999999,0.20999999999999996,0.59
0.9099999999999999,0.22999999999999998,0.59
0.9099999999999999,0.24999999999999997,0.61
0.9099999999999999,0.26999999999999996,0.59
0.9099999999999999,0.29,0.56
0.9099999999999999,0.30999999999999994,0.56
0.9099999999999999,0.32999999999999996,0.57
0.9099999999999999,0.35,0.57
0.9099999999999999,0.36999999999999994,0.57
0.9099999999999999,0.38999999999999996,0.57
0.9099999999999999,0.4099999999999999,0.58
0.9099999999999999,0.42999999999999994,0.57
0.9099999999999999,0.44999999999999996,0.57
0.9099999999999999,0.4699999999999999,0.57
0.9099999999999999,0.48999999999999994,0.57
0.9099999999999999,0.5099999999999999,0.57
0.9099999999999999,0.5299999999999999,0.56
0.9099999999999999,0.5499999999999999,0.55
0.9099999999999999,0.57,0.54
0.9099999999999999,0.59,0.54
0.9099999999999999,0.6099999999999999,0.54
0.9099999999999999,0.6299999999999999,0.54
0.9099999999999999,0.6499999999999999,0.54
0.9099999999999999,0.6699999999999999,0.54
0.9099999999999999,0.69,0.54
0.9099999999999999,0.7099999999999999,0.54
0.9099999999999999,0.7299999999999999,0.54
0.9099999999999999,0.7499999999999999,0.54
0.9099999999999999,0.7699999999999999,0.54
0.9099999999999999,0.7899999999999999,0.54
0.9099999999999999,0.8099999999999998,0.54
0.9099999999999999,0.8299999999999998,0.54
0.9099999999999999,0.8499999999999999,0.54
0.9099999999999999,0.8699999999999999,0.54
0.9099999999999999,0.8899999999999999,0.53
0.9099999999999999,0.9099999999999999,0.53
0.9099999999999999,0.9299999999999998,0.53
0.9099999999999999,0.9499999999999998,0.54
0.9099999999999999,0.9699999999999999,0.54
0.9099999999999999,0.9899999999999999,0.53
0.9299999999999998,0.01,0.56
0.9299999999999998,0.03,0.61
0.9299999999999998,0.049999999999999996,0.67
0.9299999999999998,0.06999999999999999,0.68
0.9299999999999998,0.08999999999999998,0.66
0.9299999999999998,0.10999999999999997,0.65
0.9299999999999998,0.12999999999999998,0.67
0.9299999999999998,0.15,0.61
0.9299999999999998,0.16999999999999998,0.65
0.9299999999999998,0.18999999999999997,0.65
0.9299999999999998,0.20999999999999996,0.59
0.9299999999999998,0.22999999999999998,0.59
0.9299999999999998,0.24999999999999997,0.61
0.9299999999999998,0.26999999999999996,0.59
0.9299999999999998,0.29,0.56
0.9299999999999998,0.30999999999999994,0.56
0.9299999999999998,0.32999999999999996,0.57
0.9299999999999998,0.35,0.57
0.9299999999999998,0.36999999999999994,0.57
0.9299999999999998,0.38999999999999996,0.57
0.9299999999999998,0.4099999999999999,0.58
0.9299999999999998,0.42999999999999994,0.57
0.9299999999999998,0.44999999999999996,0.57
0.9299999999999998,0.4699999999999999,0.57
0.9299999999999998,0.48999999999999994,0.57
0.9299999999999998,0.5099999999999999,0.57
0.9299999999999998,0.5299999999999999,0.56
0.9299999999999998,0.5499999999999999,0.55
0.9299999999999998,0.57,0.54
0.9299999999999998,0.59,0.54
0.9299999999999998,0.6099999999999999,0.54
0.9299999999999998,0.6299999999999999,0.54
0.9299999999999998,0.6499999999999999,0.54
0.9299999999999998,0.6699999999999999,0.54
0.9299999999999998,0.69,0.54
0.9299999999999998,0.7099999999999999,0.54
0.9299999999999998,0.7299999999999999,0.54
0.9299999999999998,0.7499999999999999,0.54
0.9299999999999998,0.7699999999999999,0.54
0.9299999999999998,0.7899999999999999,0.54
0.9299999999999998,0.8099999999999998,0.54
0.9299999999999998,0.8299999999999998,0.54
0.9299999999999998,0.8499999999999999,0.54
0.9299999999999998,0.8699999999999999,0.54
0.9299999999999998,0.8899999999999999,0.53
0.9299999999999998,0.9099999999999999,0.53
0.9299999999999998,0.9299999999999998,0.53
0.9299999999999998,0.9499999999999998,0.54
0.9299999999999998,0.9699999999999999,0.54
0.9299999999999998,0.9899999999999999,0.53
0.9499999999999998,0.01,0.56
0.9499999999999998,0.03,0.61
0.9499999999999998,0.049999999999999996,0.67
0.9499999999999998,0.06999999999999999,0.68
0.9499999999999998,0.08999999999999998,0.66
0.9499999999999998,0.10999999999999997,0.65
0.9499999999999998,0.12999999999999998,0.67
0.9499999999999998,0.15,0.61
0.9499999999999998,0.16999999999999998,0.65
0.9499999999999998,0.18999999999999997,0.65
0.9499999999999998,0.20999999999999996,0.59
0.9499999999999998,0.22999999999999998,0.59
0.9499999999999998,0.24999999999999997,0.61
0.9499999999999998,0.26999999999999996,0.59
0.9499999999999998,0.29,0.56
0.9499999999999998,0.30999999999999994,0.56
0.9499999999999998,0.32999999999999996,0.57
0.9499999999999998,0.35,0.57
0.9499999999999998,0.36999999999999994,0.57
0.9499999999999998,0.38999999999999996,0.57
0.9499999999999998,0.4099999999999999,0.58
0.9499999999999998,0.42999999999999994,0.57
0.9499999999999998,0.44999999999999996,0.57
0.9499999999999998,0.4699999999999999,0.57
0.9499999999999998,0.48999999999999994,0.57
0.9499999999999998,0.5099999999999999,0.57
0.9499999999999998,0.5299999999999999,0.56
0.9499999999999998,0.5499999999999999,0.55
0.9499999999999998,0.57,0.54
0.9499999999999998,0.59,0.54
0.9499999999999998,0.6099999999999999,0.54
0.9499999999999998,0.6299999999999999,0.54
0.9499999999999998,0.6499999999999999,0.54
0.9499999999999998,0.6699999999999999,0.54
0.9499999999999998,0.69,0.54
0.9499999999999998,0.7099999999999999,0.54
0.9499999999999998,0.7299999999999999,0.54
0.9499999999999998,0.7499999999999999,0.54
0.9499999999999998,0.7699999999999999,0.54
0.9499999999999998,0.7899999999999999,0.54
0.9499999999999998,0.8099999999999998,0.54
0.9499999999999998,0.8299999999999998,0.54
0.9499999999999998,0.8499999999999999,0.54
0.9499999999999998,0.8699999999999999,0.54
0.9499999999999998,0.8899999999999999,0.53
0.9499999999999998,0.9099999999999999,0.53
0.9499999999999998,0.9299999999999998,0.53
0.9499999999999998,0.9499999999999998,0.54
0.9499999999999998,0.9699999999999999,0.54
0.9499999999999998,0.9899999999999999,0.53
0.9699999999999999,0.01,0.56
0.9699999999999999,0.03,0.61
0.9699999999999999,0.049999999999999996,0.67
0.9699999999999999,0.06999999999999999,0.68
0.9699999999999999,0.08999999999999998,0.66
0.9699999999999999,0.10999999999999997,0.65
0.9699999999999999,0.12999999999999998,0.67
0.9699999999999999,0.15,0.61
0.9699999999999999,0.16999999999999998,0.65
0.9699999999999999,0.18999999999999997,0.65
0.9699999999999999,0.20999999999999996,0.59
0.9699999999999999,0.22999999999999998,0.59
0.9699999999999999,0.24999999999999997,0.61
0.9699999999999999,0.26999999999999996,0.59
0.9699999999999999,0.29,0.56
0.9699999999999999,0.30999999999999994,0.56
0.9699999999999999,0.32999999999999996,0.57
0.9699999999999999,0.35,0.57
0.9699999999999999,0.36999999999999994,0.57
0.9699999999999999,0.38999999999999996,0.57
0.9699999999999999,0.4099999999999999,0.58
0.9699999999999999,0.42999999999999994,0.57
0.9699999999999999,0.44999999999999996,0.57
0.9699999999999999,0.4699999999999999,0.57
0.9699999999999999,0.48999999999999994,0.57
0.9699999999999999,0.5099999999999999,0.57
0.9699999999999999,0.5299999999999999,0.56
0.9699999999999999,0.5499999999999999,0.55
0.9699999999999999,0.57,0.54
0.9699999999999999,0.59,0.54
0.9699999999999999,0.6099999999999999,0.54
0.9699999999999999,0.6299999999999999,0.54
0.9699999999999999,0.6499999999999999,0.54
0.9699999999999999,0.6699999999999999,0.54
0.9699999999999999,0.69,0.54
0.9699999999999999,0.7099999999999999,0.54
0.9699999999999999,0.7299999999999999,0.54
0.9699999999999999,0.7499999999999999,0.54
0.9699999999999999,0.7699999999999999,0.54
0.9699999999999999,0.7899999999999999,0.54
0.9699999999999999,0.8099999999999998,0.54
0.9699999999999999,0.8299999999999998,0.54
0.9699999999999999,0.8499999999999999,0.54
0.9699999999999999,0.8699999999999999,0.54
0.9699999999999999,0.8899999999999999,0.53
0.9699999999999999,0.9099999999999999,0.53
0.9699999999999999,0.9299999999999998,0.53
0.9699999999999999,0.9499999999999998,0.54
0.9699999999999999,0.9699999999999999,0.54
0.9699999999999999,0.9899999999999999,0.53
0.9899999999999999,0.01,0.56
0.9899999999999999,0.03,0.61
0.9899999999999999,0.049999999999999996,0.67
0.9899999999999999,0.06999999999999999,0.68
0.9899999999999999,0.08999999999999998,0.66
0.9899999999999999,0.10999999999999997,0.65
0.9899999999999999,0.12999999999999998,0.67
0.9899999999999999,0.15,0.61
0.9899999999999999,0.16999999999999998,0.65
0.9899999999999999,0.18999999999999997,0.65
0.9899999999999999,0.20999999999999996,0.59
0.9899999999999999,0.22999999999999998,0.59
0.9899999999999999,0.24999999999999997,0.61
0.9899999999999999,0.26999999999999996,0.59
0.9899999999999999,0.29,0.56
0.9899999999999999,0.30999999999999994,0.56
0.9899999999999999,0.32999999999999996,0.57
0.9899999999999999,0.35,0.57
0.9899999999999999,0.36999999999999994,0.57
0.9899999999999999,0.38999999999999996,0.57
0.9899999999999999,0.4099999999999999,0.58
0.9899999999999999,0.42999999999999994,0.57
0.9899999999999999,0.44999999999999996,0.57
0.9899999999999999,0.4699999999999999,0.57
0.9899999999999999,0.48999999999999994,0.57
0.9899999999999999,0.5099999999999999,0.57
0.9899999999999999,0.5299999999999999,0.56
0.9899999999999999,0.5499999999999999,0.55
0.9899999999999999,0.57,0.54
0.9899999999999999,0.59,0.54
0.9899999999999999,0.6099999999999999,0.54
0.9899999999999999,0.6299999999999999,0.54
0.9899999999999999,0.6499999999999999,0.54
0.9899999999999999,0.6699999999999999,0.54
0.9899999999999999,0.69,0.54
0.9899999999999999,0.7099999999999999,0.54
0.9899999999999999,0.7299999999999999,0.54
0.9899999999999999,0.7499999999999999,0.54
0.9899999999999999,0.7699999999999999,0.54
0.9899999999999999,0.7899999999999999,0.54
0.9899999999999999,0.8099999999999998,0.54
0.9899999999999999,0.8299999999999998,0.54
0.9899999999999999,0.8499999999999999,0.54
0.9899999999999999,0.8699999999999999,0.54
0.9899999999999999,0.8899999999999999,0.53
0.9899999999999999,0.9099999999999999,0.53
0.9899999999999999,0.9299999999999998,0.53
0.9899999999999999,0.9499999999999998,0.54
0.9899999999999999,0.9699999999999999,0.54
0.9899999999999999,0.9899999999999999,0.53
